'p1','p2','p3'
0.36463833360209613,0.37,0.2653616663979038
0.37,0.36399980602507315,0.26600019397492686
0.3735439803386504,0.36,0.2664560196613496
0.38,0.3526144919404455,0.2673855080595545
0.3822673029693079,0.35,0.26773269703069213
0.39,0.34095300331473716,0.26904699668526283
0.3908084616653817,0.34,0.26919153833461823
0.3991192340979076,0.33,0.27088076590209237
0.4,0.3289159587811174,0.2710840412188826
0.40719041774364534,0.32,0.2728095822563546
0.41,0.31644821032918186,0.2735517896708182
0.4150650394805975,0.31,0.2749349605194025
0.42,0.30358400324008983,0.27641599675991024
0.4227384225815469,0.3,0.2772615774184531
0.43,0.2902757047829958,0.27972429521700426
0.4302045880294144,0.29,0.2797954119705856
0.43732183502822924,0.28,0.2826781649717707
0.44,0.27611911433476055,0.2838808856652395
0.44419639773941827,0.27,0.28580360226058166
0.45,0.2612554345316193,0.28874456546838073
0.45082826707060003,0.26,0.2891717329293999
0.457062890841202,0.25,0.292937109158798
0.46,0.2450468197577629,0.29495318024223716
0.46297499596350106,0.24,0.297025004036499
0.46851932634508425,0.23,0.3014806736549158
0.47,0.22708930705526095,0.30291069294473905
0.4735852203380455,0.22,0.3064147796619545
0.47821360187106504,0.21,0.31178639812893505
0.48,0.20561025130490657,0.31438974869509345
0.48226979764120453,0.2,0.3177302023587955
0.48569946292731436,0.19,0.32430053707268564
0.48846131268864074,0.18,0.3315386873113592
0.49,0.17205280896868808,0.33794719103131193
0.4903950652687207,0.17,0.3396049347312793
0.4913286123804201,0.16,0.34867138761957983
0.4911399598039041,0.15,0.35886004019609585
0.49,0.14251440411627528,0.36748559588372476
0.4895853361730382,0.14,0.37041466382696175
0.4862887039246744,0.13,0.3837112960753256
0.4809521423450678,0.12,0.3990478576549322
0.48,0.11874369749380022,0.4012563025061998
0.4728436233419021,0.11,0.4171563766580979
0.47,0.10742063470932545,0.4225793652906746
0.46116810766264427,0.1,0.43883189233735576
0.46,0.09924117813591066,0.4407588218640894
0.45,0.09316057676662917,0.4568394232333709
0.44439653528733664,0.09,0.46560346471266334
0.44,0.08803101677378589,0.47196898322621417
0.43,0.08383773228619402,0.48616226771380605
0.42014772107258913,0.08,0.49985227892741085
0.42,0.07995383155231009,0.50004616844769
0.41,0.07700653112866236,0.5129934688713377
0.4,0.0742579605946244,0.5257420394053756
0.39,0.07169875891959528,0.5383012410804047
0.38287319719897744,0.07,0.5471268028010225
0.38,0.06944857347024817,0.5505514265297519
0.37,0.06765538827178824,0.5623446117282118
0.36,0.06599371666840782,0.5740062833315922
0.35,0.06446069394808565,0.5855393060519144
0.28,0.05775728249278231,0.6622427175072176
0.27,0.0573245574091933,0.6726754425908067
0.26,0.056996842242845534,0.6830031577571545
0.25,0.05677744305488429,0.6932225569451157
0.24,0.056670387993851976,0.7033296120061481
0.23,0.05668052443298219,0.7133194755670178
0.22,0.05681364039188746,0.7231863596081126
0.21,0.057076616723144194,0.7329233832768558
0.2,0.05747761880388051,0.7425223811961196
0.19,0.05802633965500502,0.751973660344995
0.18,0.058734310967328944,0.7612656890326711
0.17,0.05961530515402502,0.7703846948459749
0.1664121351844153,0.06,0.7735878648155847
0.16,0.06084231358120719,0.7791576864187928
0.15,0.06241297769052051,0.7875870223094794
0.14,0.06426881300726378,0.7957311869927362
0.13,0.06644632646168366,0.8035536735383163
0.12,0.06899117251336001,0.81100882748664
0.11660936965168117,0.07,0.8133906303483187
0.11,0.07234931609376663,0.8176506839062334
0.1,0.07650249202578027,0.8234975079742197
0.09281819190510858,0.08,0.8271818080948915
0.09,0.08161124665912159,0.8283887533408785
0.08,0.08836383477931245,0.8316361652206876
0.07796968030278212,0.09,0.832030319697218
0.07,0.0974399573110277,0.8325600426889722
0.0677359743994076,0.1,0.8322640256005924
0.060025864782851136,0.11,0.8299741352171489
0.06,0.11003824837642662,0.8299617516235733
0.05456372925492026,0.12,0.8254362707450797
0.05,0.12946723794856846,0.8205327620514316
0.04979930938411084,0.13,0.8202006906158892
0.046471438557619024,0.14,0.813528561442381
0.043518701640280086,0.15,0.8064812983597199
0.0408964276259111,0.16,0.7991035723740889
0.04,0.16385655930164916,0.7961434406983507
0.03894072729801958,0.17,0.7910592727019804
0.03741566108202627,0.18,0.7825843389179736
0.03606985206213253,0.19,0.7739301479378675
0.034887649579809416,0.2,0.7651123504201907
0.03385583679951926,0.21,0.7561441632004808
0.03296318591498338,0.22,0.7470368140850167
0.03220011316809714,0.23,0.7377998868319029
0.031558408230115964,0.24,0.7284415917698841
0.031031019788924474,0.25,0.7189689802110755
0.030611884189457123,0.26,0.7093881158105428
0.03029578746628105,0.27,0.699704212533719
0.030078253583656962,0.28,0.689921746416343
0.031059023121758702,0.35,0.6189409768782413
0.0315338683101684,0.36,0.6084661316898317
0.032089534689492535,0.37,0.5979104653105075
0.03272590849323775,0.38,0.5872740915067622
0.033443189117617116,0.39,0.5765568108823829
0.03424188736852609,0.4,0.5657581126314739
0.03512282769103494,0.41,0.5548771723089652
0.03608715437818158,0.42,0.5439128456218185
0.037136341859476146,0.43,0.5328636581405239
0.03827220927554991,0.44,0.5217277907244502
0.0394969396584122,0.45,0.5105030603415879
0.04,0.4538340792922688,0.5061659207077311
0.041141970677452816,0.46,0.49885802932254714
0.043130733494571256,0.47,0.4868692665054287
0.045268105354988306,0.48,0.47473189464501175
0.047561783688308164,0.49,0.4624382163116918
0.05,0.499917028625282,0.450082971374718
0.05002816171396717,0.5,0.4499718382860328
0.053646895118188424,0.51,0.43635310488181156
0.05755539029423053,0.52,0.42244460970576947
0.06,0.5258244171529728,0.41417558284702716
0.06244545103112562,0.53,0.40755454896887433
0.06879013136758416,0.54,0.3912098686324158
0.07,0.541769673434088,0.38823032656591194
0.07822022285168215,0.55,0.3717797771483178
0.08,0.5516376453258307,0.36836235467416933
0.09,0.5574581233193378,0.3525418766806623
0.09835708885212839,0.56,0.3416429111478716
0.1,0.5604582530898109,0.3395417469101891
0.11,0.56127684402984,0.32872315597016
0.12,0.5604843636438438,0.3195156363561562
0.12228258585499792,0.56,0.317717414145002
0.13,0.5583525906332368,0.31164740936676316
0.14,0.5551584263335204,0.30484157366647957
0.15,0.5511552033680746,0.2988447966319254
0.1524144608631379,0.55,0.29758553913686203
0.16,0.5463499700429809,0.29365002995701905
0.17,0.5409858607782161,0.2890141392217839
0.171655720032975,0.54,0.28834427996702494
0.18,0.5350033103944521,0.2849966896055479
0.18785095058565998,0.53,0.28214904941433994
0.19,0.5286222982343945,0.2813777017656055
0.2,0.5217789928535363,0.2782210071464637
0.20246898300911959,0.52,0.27753101699088045
0.21,0.5145414644894718,0.27545853551052824
0.21603846943211222,0.51,0.27396153056788775
0.22,0.5070021058200231,0.2729978941799769
0.2289568395559303,0.5,0.27104316044406973
0.23,0.49917920366297497,0.27082079633702505
0.24,0.49102898715982923,0.2689710128401708
0.2412263316220669,0.49,0.26877366837793315
0.25,0.482590515689675,0.267409484310325
0.25300108747694694,0.48,0.2669989125230531
0.26,0.4739175242430987,0.2660824757569013
0.26441936136618893,0.47,0.2655806386338111
0.27,0.4650177412616514,0.2649822587383486
0.27551999656721426,0.46,0.2644800034327857
0.28,0.4558970381186933,0.26410296188130666
0.28633375977410197,0.45,0.26366624022589796
0.29,0.4465595504104732,0.2634404495895268
0.29688519355614273,0.44,0.26311480644385726
0.3,0.43700775358381655,0.2629922464161834
0.30719395620999373,0.43,0.2628060437900063
0.31,0.42724249642699874,0.2627575035730012
0.3172758056215588,0.42,0.26272419437844124
0.32,0.4172629937393132,0.26273700626068675
0.32714333085478764,0.41,0.2628566691452124
0.35,0.38600530567765934,0.2639946943223407
0.35554895210028525,0.38,0.26445104789971474
0.36,0.37512559990562255,0.26487440009437746
0.36463833360209613,0.37,0.2653616663979038
