p1,p2,p3
0.08,0.8948357477360602,0.025164252263939813
0.08528861665902594,0.89,0.024711383340974002
0.09,0.8856914529199978,0.024308547080002185
0.09615400059311448,0.88,0.023845999406885476
0.1,0.8764425641358811,0.02355743586411896
0.10690271515497984,0.87,0.02309728484502016
0.11,0.8671087633082862,0.02289123669171378
0.1175594211663901,0.86,0.022440578833609948
0.12,0.8577045726440902,0.022295427355909836
0.12814153578207482,0.85,0.021858464217925255
0.13,0.8482410107865407,0.021758989213459312
0.13866182207027325,0.84,0.02133817792972681
0.14,0.8387266334100613,0.021273366589938725
0.1491299150929719,0.83,0.02087008490702813
0.15,0.8291682138950887,0.02083178610491132
0.15955326870134132,0.82,0.020446731298658705
0.16,0.8195712038403674,0.020428796159632556
0.16993776836374744,0.81,0.020062231636252537
0.17,0.8099400536874426,0.020059946312557364
0.18,0.8001619218427124,0.019838078157287664
