p1,p2,p3
0.05591379399526945,0.445,0.4990862060047306
0.056,0.4453423119352815,0.49865768806471844
0.05617049801026141,0.446,0.4978295019897386
0.05643179684494468,0.447,0.4965682031550553
0.056695259638669435,0.448,0.4953047403613306
0.05696089820817222,0.449,0.4940391017918278
0.057,0.4491461286931701,0.49385387130682984
0.0572352050832374,0.45,0.49276479491676256
0.057512899847020925,0.451,0.4914871001529791
0.05779288911826728,0.452,0.4902071108817327
0.058,0.4527338794078163,0.48926612059218366
0.058077313162747606,0.453,0.48892268683725243
0.05836999660291531,0.454,0.4876300033970847
0.05866510271089584,0.455,0.4863348972891041
0.0589626462803639,0.456,0.48503735371963613
0.059,0.4561246415425265,0.48487535845747354
0.05927007695624665,0.457,0.48372992304375334
0.05958112483101028,0.458,0.4824188751689897
0.05989475043205103,0.459,0.4811052495679489
0.06,0.45933310897851354,0.4806668910214864
0.06021694332200936,0.46,0.47978305667799065
0.060544823184562245,0.461,0.47845517681543775
0.06087543285914291,0.462,0.4771245671408571
0.061,0.4623739751268549,0.47662602487314515
0.06121470803378913,0.463,0.47578529196621083
0.06156038278972422,0.464,0.4744396172102758
0.06190895262268573,0.465,0.4730910473773143
0.062,0.46525929547589995,0.4727407045241
0.06226783289530352,0.466,0.4717321671046965
0.06263234657714792,0.467,0.4703676534228521
0.06299993533246617,0.468,0.4690000646675338
0.063,0.4680001747011607,0.4689998252988394
0.06376566206088934,0.47,0.46623433793911073
0.0645600372457083,0.472,0.4634399627542918
0.065,0.4730838590005932,0.46191614099940687
0.06538566392242723,0.474,0.46061433607757274
0.06624535173022342,0.476,0.45775464826977663
0.067,0.4776922338255192,0.4553077661744809
0.0671421424919827,0.478,0.4548578575080173
0.06807933947235566,0.48,0.45192066052764435
0.069,0.48188062576975876,0.4491193742302413
0.06906054096187507,0.482,0.44893945903812493
0.07008967896771809,0.484,0.4459103210322819
0.071,0.485693189314231,0.44330681068576905
0.07117106395565492,0.486,0.44282893604434515
0.07173308597867546,0.487,0.44126691402132456
0.072,0.4874709812790979,0.44052901872090217
0.07230943679162166,0.488,0.4396905632083783
0.07289939986243377,0.489,0.43810060013756624
0.073,0.4891692007208549,0.43783079927914514
0.07351002928623132,0.49,0.4364899707137687
0.074,0.4907910357758372,0.43520896422416283
0.07413368781266945,0.491,0.4348663121873305
0.07477863506600814,0.492,0.4332213649339919
0.075,0.4923403640470731,0.43265963595292695
0.07544332005947002,0.493,0.43155667994053004
0.076,0.4938209885693293,0.4301790114306707
0.07612547870737159,0.494,0.4298745212926284
0.07683222389422172,0.495,0.4281677761057783
0.077,0.49523541335290555,0.4277645866470945
0.07756361900571992,0.496,0.42643638099428005
0.078,0.49658677147476243,0.4254132285252376
0.07831801948844666,0.497,0.42468198051155337
0.079,0.497878366272375,0.42312163372762507
0.07909777793393667,0.498,0.4229022220660633
0.07990848549580776,0.499,0.42109151450419224
0.08,0.4991119347218952,0.42088806527810485
0.08075225357902795,0.5,0.41924774642097207
0.081,0.5002899144254769,0.41871008557452316
0.08162908368681226,0.501,0.4173709163131877
0.082,0.5014150152193181,0.41658498478068196
0.08254238066786591,0.502,0.4154576193321341
0.083,0.5024892538926424,0.4145107461073576
0.08349594535617885,0.503,0.4135040546438211
0.084,0.5035145669443934,0.4124854330556066
0.08449403776006957,0.504,0.4115059622399304
0.085,0.5044928145586547,0.41050718544134535
0.08554145261282299,0.505,0.409458547387177
0.086,0.5054257843480898,0.4085742156519102
0.08664361020982178,0.506,0.4073563897901782
0.087,0.5063151948812499,0.40668480511875016
0.08780666627509603,0.507,0.40519333372490396
0.088,0.5071626990083458,0.40483730099165427
0.089,0.507969738938235,0.403030261061765
0.08903911033733079,0.508,0.4029608896626692
0.09,0.5087370050401423,0.40126299495985773
0.0903583666906286,0.509,0.4006416333093714
0.091,0.5094667805974841,0.39953321940251596
0.09176708987716674,0.51,0.39823291012283324
0.092,0.5101604928415711,0.397839507158429
0.093,0.5108186340211907,0.3961813659788094
0.09328892991564985,0.511,0.39571107008435014
0.094,0.5114424684242486,0.39455753157575146
0.09494193941962435,0.512,0.3930580605803756
0.095,0.5120340671122386,0.3929659328877614
0.096,0.5125926918472115,0.39140730815278857
0.09676911328545412,0.513,0.39023088671454587
0.097,0.5131212096792339,0.3898787903207661
0.098,0.5136190995840904,0.38838090041590967
0.09880993237099513,0.514,0.3871900676290049
0.099,0.5140886082270053,0.3869113917729947
0.1,0.5145291323679652,0.38547086763203486
0.101,0.514943176828163,0.384056823171837
0.10114588838461487,0.515,0.3838541116153851
0.102,0.5153297743812847,0.38267022561871533
0.103,0.5156909978372809,0.3813090021627191
0.10391737297401904,0.516,0.38008262702598095
0.104,0.5160275887326965,0.3799724112673035
0.105,0.5163388837895488,0.3786611162104512
0.106,0.516626944011807,0.37737305598819304
0.107,0.5168923188909921,0.37610768110900794
0.10744175397648467,0.517,0.3755582460235153
0.108,0.5171348864991536,0.3748651135008464
0.109,0.5173554061417669,0.3736445938582331
0.11,0.5175549032474178,0.3724450967525822
0.111,0.5177338685803122,0.3712661314196878
0.112,0.5178927800841152,0.3701072199158848
0.11276887341737511,0.518,0.3692311265826249
0.113,0.5180319476860442,0.3689680523139558
0.114,0.5181515532554047,0.36784844674459527
0.115,0.5182525564062148,0.3667474435937852
0.116,0.5183353860751132,0.3656646139248868
0.117,0.5184004604711759,0.36459953952882407
0.118,0.5184481874318685,0.3635518125681315
0.119,0.5184789647643178,0.36252103523568224
0.12,0.5184931805726274,0.3615068194273726
0.121,0.5184912135719255,0.3605087864280745
0.122,0.518473433389786,0.359526566610214
0.123,0.5184402008556365,0.35855979914436353
0.124,0.5183918682787251,0.3576081317212749
0.125,0.5183287797151912,0.3566712202848088
0.126,0.518251271224752,0.355748728775248
0.127,0.5181596711174901,0.35484032888250994
0.128,0.5180543001912012,0.35394569980879875
0.1284559559411734,0.518,0.35354404405882656
0.129,0.5179351548426796,0.3530648451573204
0.13,0.5178025265384645,0.3521974734615355
0.131,0.5176569828881707,0.35134301711182925
0.132,0.5174988181332978,0.3505011818667022
0.133,0.5173283200299685,0.34967167997003146
0.134,0.5171457700389333,0.34885422996106674
0.13474936038597754,0.517,0.3482506396140225
0.135,0.5169512037368356,0.34804879626316443
0.136,0.5167443528055041,0.34725564719449586
0.137,0.5165262013642961,0.34647379863570393
0.138,0.5162970085796834,0.3457029914203166
0.139,0.516057028147732,0.34494297185226797
0.1392269141802011,0.516,0.3447730858197988
0.14,0.5158055488789395,0.3441944511210605
0.141,0.5155434380279517,0.3434565619720483
0.142,0.5152712174154863,0.34272878258451367
0.14296128228671423,0.515,0.34203871771328576
0.143,0.5149890672308104,0.3420109327691896
0.144,0.5146958730281619,0.3413041269718381
0.145,0.514393208612795,0.34060679138720495
0.146,0.5140812952700791,0.3399187047299209
0.1462525112064118,0.514,0.3397474887935882
0.147,0.5137591534583983,0.3392408465416017
0.148,0.5134277400451447,0.3385722599548553
0.149,0.5130876698118003,0.33791233018819966
0.1492507595847816,0.513,0.33774924041521837
0.15,0.5127378417349862,0.3372621582650138
0.151,0.5123792803597077,0.3366207196402923
0.152,0.5120126224092836,0.3359873775907164
0.15203356253615785,0.512,0.33596643746384214
0.153,0.5116362443203067,0.33536375567969323
0.154,0.5112520493091494,0.3347479506908506
0.15464240697664533,0.511,0.33435759302335466
0.155,0.5108595851586233,0.3341404148413767
0.156,0.5104584311723481,0.33354156882765185
0.157,0.510050036541424,0.33294996345857597
0.15711998922321196,0.51,0.33288001077678797
0.158,0.5096327342348947,0.3323672657651052
0.159,0.50920825336913,0.33179174663086997
0.15948186288203814,0.509,0.33151813711796185
0.16,0.508775890198276,0.331224109801724
0.161,0.5083358522050877,0.33066414779491227
0.16175140558437756,0.508,0.3302485944156224
0.162,0.507888797921208,0.33011120207879197
0.163,0.5074337143666596,0.32956628563334034
0.16394006329522998,0.507,0.3290599367047701
0.164,0.5069723250086813,0.3290276749913187
0.165,0.5065026907381743,0.32849730926182563
0.166,0.5060271708615721,0.32797282913842785
0.1660562306741037,0.506,0.3279437693258963
0.167,0.5055436032166277,0.32745639678337224
0.168,0.505054283080015,0.326945716919985
0.16810929105765648,0.505,0.3268907089423435
0.169,0.5045572460722577,0.32644275392774225
0.17,0.5040545810735778,0.32594541892642215
0.17010705738967957,0.504,0.3258929426103204
0.171,0.5035443872299582,0.32545561277004176
0.172,0.5030288185916092,0.3249711814083909
0.17395764068070727,0.502,0.3240423593192927
0.174,0.5019776103275195,0.32402238967248054
0.176,0.5009015006674251,0.32309849933257495
0.1776407756651951,0.5,0.3223592243348049
0.178,0.4998013235728817,0.32219867642711836
0.18,0.49867774368682916,0.3213222563131709
0.18118707256481711,0.498,0.32081292743518286
0.182,0.49753140512220306,0.320468594877797
0.184,0.49636293234655304,0.319637067653447
0.18461295061052593,0.496,0.31938704938947404
0.186,0.49517293101942417,0.3188270689805759
0.18793718003175974,0.494,0.31806281996824026
0.188,0.4939617899951201,0.31803821000488
0.19,0.4927292641968962,0.31727073580310383
0.19116841543751217,0.492,0.31683158456248783
0.192,0.49147681183463793,0.3165231881653621
0.194,0.4902049729105378,0.3157950270894623
0.1943186962049916,0.49,0.31568130379500836
0.196,0.4889138192892284,0.31508618071077166
0.19739667508874073,0.488,0.3146033249112593
0.198,0.4876031291960608,0.31439687080393924
0.2,0.48627448060533984,0.3137255193946602
0.2004090822606742,0.486,0.3135909177393258
0.202,0.4849279763531942,0.31307202364680586
0.2033617777521847,0.484,0.31263822224781534
0.204,0.48356291175923416,0.3124370882407659
0.20481775233138869,0.483,0.31218224766861136
0.205,0.48287444227789744,0.3121255577221026
0.206,0.4821812047409524,0.31181879525904765
0.206259891440489,0.482,0.31174010855951106
0.207,0.4814835407042487,0.31151645929575134
0.20768957375920463,0.481,0.3113104262407954
0.208,0.48078214092937144,0.3112178590706286
0.209,0.4800766166633067,0.31092338333669334
0.2091079366927524,0.48,0.3108920633072476
0.21,0.47936625449661735,0.3106337455033827
0.21051316130321157,0.479,0.3104868386967884
0.211,0.47865223883701785,0.3103477611629822
0.21190892688384713,0.478,0.3100910731161529
0.212,0.47793459112583087,0.31006540887416917
0.213,0.47721218612579086,0.3097878138742092
0.2132923096638788,0.477,0.3097076903361212
0.214,0.47648585450817654,0.3095141454918235
0.2146658469329464,0.476,0.3093341530670536
0.215,0.4757559672523884,0.30924403274761164
0.216,0.47502242239777726,0.3089775776022228
0.21603039294933,0.475,0.30896960705067
0.217,0.4742840610581833,0.3087159389418167
0.21738311465718352,0.474,0.3086168853428165
0.218,0.4735422163423553,0.3084577836576447
0.218727675760402,0.473,0.30827232423959805
0.219,0.4727969066069054,0.30820309339309465
0.22,0.4720478886608849,0.30795211133911515
0.22006360359604424,0.472,0.30793639640395576
0.221,0.47129435583039053,0.3077056441696095
0.22138908706788438,0.471,0.3076109129321156
0.222,0.4705374250795423,0.3074625749204577
0.2227070288853869,0.47,0.30729297111461307
0.223,0.46977711315900583,0.3072228868409942
0.224,0.4690133631661489,0.30698663683385113
0.22401740812644416,0.469,0.3069825918735559
0.225,0.46824506499757584,0.3067549350024242
0.22531778941351627,0.468,0.30668221058648365
0.226,0.4674734479259035,0.3065265520740965
0.2266111726200895,0.467,0.3063888273799105
0.227,0.46669852718899285,0.30630147281100717
0.22789768956694237,0.466,0.30610231043305763
0.228,0.46592031766922387,0.30607968233077615
0.229,0.4651380713216899,0.30586192867831014
0.2291758075473944,0.465,0.30582419245260556
0.23,0.4643521420579879,0.3056478579420121
0.23044644344088722,0.464,0.3055535565591127
0.231,0.4635629806712102,0.3054370193287898
0.23171067755985345,0.463,0.30528932244014656
0.232,0.4627706006322203,0.3052293993677797
0.23296862294727652,0.462,0.3050313770527235
0.233,0.46197501507739686,0.30502498492260316
0.234,0.46117526177806817,0.30482473822193185
0.23421839695816585,0.461,0.30478160304183416
0.235,0.46037220427427755,0.30462779572572246
0.2354618959388126,0.46,0.30453810406118736
0.236,0.4595659927073104,0.3044340072926896
0.23669950582603289,0.459,0.30430049417396715
0.237,0.4587566388905567,0.30424336110944333
0.23793132414646045,0.458,0.3040686758535395
0.238,0.4579441543209512,0.3040558456790488
0.239,0.4571278337562521,0.3038721662437479
0.2391560675866516,0.457,0.30384393241334845
0.24,0.456308107754839,0.303691892245161
0.24037467369778637,0.456,0.30362532630221367
0.241,0.45548529759958145,0.30351470240041856
0.2415878342426147,0.455,0.3034121657573852
0.242,0.4546594135416086,0.3033405864583914
0.24279563381944677,0.454,0.3032043661805532
0.243,0.45383046553096296,0.30316953446903705
0.24399815463751362,0.453,0.30300184536248637
0.244,0.4529984632189643,0.3030015367810357
0.245,0.4521624969245954,0.3028375030754046
0.24519382634456777,0.452,0.3028061736554322
0.246,0.4513235001070904,0.3026764998929096
0.24638442269045846,0.451,0.30261557730954153
0.247,0.45048149016604916,0.30251850983395084
0.24757003308496006,0.45,0.3024299669150399
0.248,0.44963647558462505,0.30236352441537495
0.24875072925271957,0.449,0.3022492707472804
0.249,0.44878846455975047,0.30221153544024953
0.2499265809658964,0.448,0.3020734190341036
0.25,0.44793746500395026,0.30206253499604974
0.251,0.4470830106815212,0.3019169893184788
0.25109685894533046,0.447,0.3019031410546696
0.252,0.4462252425243162,0.3017747574756838
0.252261876750782,0.446,0.30173812324921795
0.253,0.4453645219667028,0.3016354780332972
0.25342229970832536,0.445,0.3015777002916747
0.254,0.44450085581776105,0.30149914418223894
0.2545781890005211,0.444,0.3014218109994789
0.255,0.44363425061208933,0.30136574938791066
0.25572960419860546,0.443,0.30127039580139453
0.256,0.4427647126111129,0.3012352873888871
0.25687660331224543,0.442,0.3011233966877546
0.257,0.4418922478043086,0.3011077521956914
0.258,0.4410167651264279,0.3009832348735721
0.25801909136027484,0.441,0.3009809086397251
0.259,0.44013776366468155,0.30086223633531844
0.25915634336351046,0.44,0.30084365663648954
0.26,0.4392558660211968,0.3007441339788032
0.2602893879142593,0.439,0.3007106120857406
0.261,0.4383710771415372,0.30062892285846277
0.261418276138142,0.438,0.30058172386185794
0.262,0.4374834017065132,0.3005165982934868
0.2625430578583994,0.437,0.3004569421416006
0.263,0.4365928441329423,0.3004071558670577
0.26366378163398846,0.436,0.3003362183660116
0.264,0.43569940857433026,0.3003005914256697
0.2647804947962895,0.435,0.3002195052037105
0.265,0.4348030989214735,0.3001969010785265
0.2658932434844809,0.434,0.30010675651551905
0.266,0.43390391880298307,0.3000960811970169
0.267,0.4330018606799798,0.2999981393200202
0.2670020570443626,0.433,0.2999979429556375
0.268,0.43209639434562064,0.29990360565437935
0.2681062224479524,0.432,0.29989377755204755
0.269,0.4311880815394308,0.2998119184605692
0.2692065905296104,0.431,0.2997934094703896
0.27,0.4302769248994099,0.2997230751005901
0.27030320216554604,0.43,0.29969679783445397
0.271,0.42936292680534427,0.2996370731946557
0.27139609722511654,0.429,0.2996039027748834
0.272,0.4284460893788958,0.2995539106211042
0.27248531459831843,0.428,0.29951468540168164
0.273,0.4275264144836144,0.2994735855163856
0.2735708922223279,0.427,0.2994291077776721
0.274,0.4266039037248738,0.2993960962751262
0.2746528671071271,0.426,0.2993471328928729
0.275,0.42567855844972996,0.29932144155027
0.27573127536025316,0.425,0.2992687246397468
0.276,0.42475037974670266,0.2992496202532973
0.27680615221070254,0.424,0.2991938477892974
0.277,0.4238193684454796,0.29918063155452035
0.27787753203202653,0.423,0.2991224679679734
0.278,0.4228855251165433,0.29911447488345666
0.27894544836464624,0.422,0.2990545516353537
0.279,0.4219488500707187,0.2990511499292813
0.28,0.4210092876269796,0.2989907123730204
0.2800098629972291,0.421,0.29899013700277094
0.281,0.4200666043108779,0.2989333956891221
0.2810705154948537,0.42,0.2989294845051464
0.282,0.41912110424279025,0.2988788957572097
0.2821278275585728,0.419,0.2988721724414272
0.283,0.4181727867780422,0.2988272132219579
0.28318182905212946,0.418,0.2988181709478705
0.284,0.4172216510118634,0.29877834898813654
0.2842325491238453,0.417,0.2987674508761547
0.285,0.4162676957785098,0.2987323042214903
0.28528001622427857,0.416,0.29871998377572145
0.286,0.41531091965030076,0.2986890803496992
0.2863242581233065,0.415,0.2986757418766935
0.287,0.4143513209365808,0.2986486790634193
0.2873653019266604,0.414,0.2986346980733396
0.288,0.4133888976825945,0.29861110231740545
0.28840317409192634,0.413,0.2985968259080736
0.289,0.4124236476682842,0.29857635233171587
0.2894379004440373,0.412,0.29856209955596275
0.29,0.41145556840699987,0.2985444315930001
0.2904695061902691,0.411,0.2985304938097309
0.291,0.410484657144129,0.29851534285587106
0.2914980159347633,0.41,0.2985019840652367
0.292,0.40951091085563784,0.2984890891443621
0.2925234536925899,0.409,0.2984765463074101
0.293,0.4085343262465303,0.2984656737534698
0.29354584290336827,0.408,0.29845415709663176
0.294,0.40755489974921594,0.298445100250784
0.2945652064444613,0.407,0.29843479355553876
0.295,0.4065726275217939,0.29842737247820617
0.29659494529205765,0.405,0.2984050547079423
0.297,0.4045995291265267,0.2984004708734734
0.29861284248505526,0.403,0.2983871575149447
0.299,0.4026149947683271,0.298385005231673
0.3006190620549483,0.401,0.2983809379450517
0.301,0.40061898364059145,0.2983810163594086
0.30261376017043967,0.399,0.29838623982956025
0.303,0.39861145035126194,0.2983885496487381
0.30459708547143577,0.397,0.29840291452856427
0.305,0.39659234484531797,0.2984076551546821
0.3065691793830548,0.395,0.29843082061694526
0.307,0.39456161232080106,0.298438387679199
0.30853017641095004,0.393,0.29846982358904994
0.309,0.3925191931381417,0.29848080686185835
0.3104802044191518,0.391,0.2985197955808482
0.311,0.3904650227225384,0.29853497727746164
0.31241938489153703,0.389,0.2985806151084629
0.313,0.38839903145911786,0.2986009685408822
0.3143478331779572,0.387,0.29865216682204276
0.315,0.3863211445805842,0.29867885541941586
0.31626565872597434,0.385,0.29873434127402565
0.317,0.3842312820470418,0.29876871795295823
0.318172965299086,0.383,0.298827034700914
0.319,0.38212935841765056,0.2988706415823495
0.3200698511822579,0.381,0.29893014881774205
0.321,0.38001528271374924,0.2989847172862508
0.3219561366984553,0.379,0.29904386330154464
0.323,0.3778882238651226,0.29911177613487744
0.32383168719305594,0.377,0.299168312806944
0.325,0.3757486223637357,0.29925137763626436
0.3256970263487393,0.375,0.2993029736512607
0.327,0.3735964679793956,0.29940353202060443
0.3275522335961443,0.373,0.29944776640385573
0.329,0.37143164362922987,0.2995683563707702
0.32939738367962584,0.371,0.2996026163203742
0.331,0.36925402574306965,0.2997459742569304
0.331232546804368,0.369,0.299767453195632
0.333,0.3670634840597777,0.29993651594022236
0.3330577887748578,0.367,0.2999422112251422
0.334872405051818,0.365,0.3001275949481821
0.335,0.36485892131591285,0.3001410786840872
0.33667682057956294,0.363,0.30032317942043707
0.337,0.36264061373732764,0.3003593862626724
0.3384714404197782,0.361,0.30052855958022184
0.339,0.3604088390478526,0.30059116095214744
0.34025631481263147,0.359,0.3007436851873686
0.341,0.3581634346361444,0.3008365653638556
0.3420314901265628,0.357,0.30096850987343715
0.343,0.3559035557848333,0.30109644421516674
0.34379581036963874,0.355,0.3012041896303612
0.344,0.35476776865806403,0.301232231341936
0.34467425187380984,0.354,0.3013257481261902
0.345,0.3536284327810115,0.3013715672189885
0.3455502827921074,0.353,0.3014497172078926
0.346,0.35248552391501753,0.3015144760849825
0.34642390750378527,0.352,0.30157609249621475
0.347,0.3513390172443457,0.30166098275565434
0.3472951301658096,0.351,0.3017048698341904
0.348,0.35018888736486986,0.30181111263513016
0.34816395471529643,0.35,0.30183604528470365
0.349,0.34903510827242473,0.3019648917275753
0.34903038487186616,0.349,0.3019696151281339
0.3498938098367754,0.348,0.3021061901632246
0.35,0.34787676995514816,0.30212323004485186
0.35075465975874615,0.347,0.30224534024125393
0.351,0.34671444163026177,0.30228555836973825
0.35161311498473713,0.346,0.3023868850152629
0.352,0.3455483475074939,0.3024516524925061
0.3524691784454234,0.345,0.30253082155457656
0.353,0.34437845845512904,0.302621541544871
0.3533228528623894,0.344,0.3026771471376106
0.354,0.34320474466163653,0.3027952553383635
0.3541741407500691,0.343,0.30282585924993083
0.355,0.34202717562128654,0.3029728243787135
0.35502304441761473,0.342,0.3029769555823852
0.3558688177342376,0.341,0.30313118226576236
0.356,0.3408445791314844,0.3031554208685156
0.3567120686070837,0.34,0.30328793139291627
0.357,0.33965782556829555,0.30334217443170447
0.35755293127399734,0.339,0.30344706872600263
0.358,0.3384670818385888,0.3035329181614112
0.3583914072840664,0.338,0.3036085927159336
0.359,0.3372723137841716,0.3037276862158284
0.35922749798750125,0.337,0.3037725020124988
0.36,0.3360734864541068,0.30392651354589323
0.360061204537133,0.336,0.303938795462867
0.3608919184998557,0.335,0.3041080815001443
0.361,0.33486958566698644,0.3041304143330136
0.3617198928505295,0.334,0.30428010714947046
0.362,0.33366095724045586,0.30433904275954415
0.36254547598303516,0.333,0.3044545240169649
0.363,0.33244811639884114,0.30455188360115887
0.36336866830636383,0.332,0.30463133169363615
0.364,0.33123102398956633,0.3047689760104337
0.36418947003698354,0.331,0.30481052996301644
0.365,0.33000963994859633,0.3049903600514037
0.3650078811999948,0.33,0.30499211880000515
0.3658229143767398,0.329,0.30517708562326024
0.366,0.3287822517169977,0.3052177482830023
0.36663550309293674,0.328,0.3053644969070633
0.367,0.3275503672089025,0.3054496327910975
0.36744569110528175,0.327,0.3055543088947183
0.368,0.32631401681601735,0.30568598318398266
0.368253477705055,0.326,0.305746522294945
0.369,0.32507315560951694,0.30592684439048307
0.3690588619955671,0.325,0.30594113800443296
0.36986107532085366,0.324,0.30613892467914633
0.37,0.3238263774509303,0.3061736225490697
0.3706605474033931,0.323,0.30633945259660694
0.371,0.32257436803297923,0.3064256319670208
0.37145760449602855,0.322,0.3065423955039715
0.372,0.32131765339693535,0.30668234660306465
0.3722522449708638,0.321,0.30674775502913615
0.373,0.3200561830878366,0.3069438169121634
0.37304446701428634,0.32,0.3069555329857137
0.37383335600569156,0.319,0.30716664399430843
0.374,0.3187882105536609,0.3072117894463391
0.37461956831490983,0.318,0.30738043168509016
0.375,0.3175148689924252,0.3074851310075748
0.3754033469345576,0.317,0.3075966530654423
0.376,0.31623655433569015,0.30776344566430985
0.3761846893184864,0.316,0.30781531068151363
0.3769633936092534,0.315,0.30803660639074665
0.377,0.31495282541316255,0.30804717458683745
0.3777386352986614,0.314,0.30826136470133864
0.378,0.31366201121256765,0.30833798878743235
0.3785114234237425,0.313,0.30848857657625744
0.379,0.31236598578116515,0.30863401421883485
0.379281754700665,0.312,0.30871824529933495
0.38,0.3110646866517279,0.3089353133482721
0.3800496256608896,0.311,0.3089503743391104
0.38081402968365485,0.31,0.30918597031634515
0.381,0.30975601473827713,0.30924398526172286
0.3815756878061092,0.309,0.3094243121938908
0.382,0.30844132862687323,0.30955867137312676
0.38233486560882085,0.308,0.3096651343911792
0.383,0.30712110108426915,0.30987889891573084
0.3830915588771722,0.307,0.30990844112282784
0.38384493238243445,0.306,0.31015506761756556
0.384,0.3057935046678755,0.31020649533212447
0.38459530982279433,0.305,0.3104046901772057
0.385,0.30445911397759556,0.3105408860224044
0.38534318055251066,0.304,0.3106568194474893
0.386,0.3031188872424959,0.3108811127575041
0.3860885396001125,0.303,0.31091146039988743
0.38683047942574683,0.302,0.3111695205742531
0.387,0.30177075530226893,0.31122924469773106
0.38756941399486017,0.301,0.3114305860051398
0.388,0.3004155099354301,0.3115844900645699
0.38830581247341345,0.3,0.31169418752658656
0.389,0.2990541035621934,0.31194589643780657
0.3890396691197234,0.299,0.3119603308802767
0.3897697602618979,0.298,0.3122302397381021
0.39,0.29768364203381215,0.31231635796618784
0.39049707788522936,0.297,0.31250292211477065
0.391,0.2963062714697188,0.3126937285302812
0.3912218269694144,0.296,0.3127781730305857
0.3919437045928704,0.295,0.3130562954071296
0.392,0.2949216732592849,0.31307832674071506
0.3926618159045391,0.294,0.31333818409546094
0.393,0.29352758495037623,0.31347241504962375
0.39337733020692445,0.293,0.31362266979307557
0.394,0.2921266815974472,0.3138733184025528
0.3940902403628002,0.292,0.31390975963719986
0.3947994900163354,0.291,0.3142005099836646
0.395,0.29071623654029655,0.31428376345970344
0.3955056369189425,0.29,0.31449436308105755
0.396,0.2892974824366174,0.3147025175633826
0.3962091487673946,0.289,0.31479085123260536
0.39690954649056404,0.288,0.31509045350943593
0.397,0.28787026022127454,0.31512973977872544
0.39760618778610335,0.287,0.3153938122138967
0.398,0.2864327470254234,0.3155672529745766
0.39830016123567935,0.286,0.3156998387643207
0.398991413716689,0.285,0.316008586283311
0.399,0.2849875127339069,0.3160124872660931
0.3996784054061884,0.284,0.31632159459381165
0.4,0.28353025419132416,0.3164697458086758
0.40036269451397954,0.283,0.3166373054860205
0.401,0.28206500899040204,0.31693499100959793
0.401044271779357,0.282,0.31695572822064305
0.40172169358017223,0.281,0.3172783064198278
0.402,0.2805875750791153,0.3174124249208847
0.4023961463333477,0.28,0.31760385366665234
0.403,0.2791010918470588,0.3178989081529412
0.403067849823434,0.279,0.31793215017656595
0.40373543655880384,0.278,0.31826456344119614
0.404,0.2776020471855189,0.3183979528144811
0.4043998946431218,0.277,0.3186001053568782
0.405,0.2760931174305615,0.3189068825694385
0.40506156394813203,0.276,0.3189384360518679
0.4057189982472309,0.275,0.3192810017527691
0.406,0.2745707443582764,0.3194292556417236
0.40637329680171375,0.274,0.31962670319828623
0.4076717213649882,0.272,0.3203282786350118
0.408,0.2714904420066177,0.3205095579933824
0.40895656134066155,0.27,0.3210434386593384
0.41,0.26835757660481596,0.3216424233951841
0.41022638396751154,0.268,0.32177361603248844
0.4114819114626556,0.266,0.3225180885373444
0.412,0.265168198363476,0.3228318016365241
0.4127230721588271,0.264,0.3232769278411729
0.41394956821356726,0.262,0.3240504317864328
0.414,0.2619169653618643,0.32408303463813576
0.41516028987566284,0.26,0.3248397101243372
0.416,0.25859709325836905,0.325402906741631
0.41635556177188976,0.258,0.3256444382281103
0.41753532133449983,0.256,0.3264646786655001
0.418,0.2552048448848809,0.3267951551151192
0.41869924647712226,0.254,0.3273007535228778
0.41984700833623045,0.252,0.32815299166376954
0.42,0.2517304847155067,0.3282695152844934
0.4209782710561568,0.25,0.3290217289438432
0.422,0.24816620434116762,0.3298337956588324
0.42209223533773915,0.248,0.3299077646622608
0.4231889869559313,0.246,0.3308110130440687
0.424,0.24449933937992063,0.33150066062007943
0.4242682760116396,0.244,0.33173172398836037
0.4253297374676199,0.242,0.3326702625323801
0.426,0.24071874686118627,0.3332812531388138
0.4263729981129103,0.24,0.3336270018870897
0.42739767629136155,0.238,0.3346023237086384
0.428,0.23680675776817517,0.3351932422318249
0.4284033816189096,0.236,0.33559661838109034
0.42938971468901654,0.234,0.33661028531098347
0.42987579394202013,0.233,0.3371242060579799
0.43,0.23274164994166807,0.337258350058332
0.43035626676567684,0.232,0.3376437332343232
0.43083219335656203,0.231,0.33816780664343804
0.431,0.23064347677694583,0.3383565232230541
0.43130261946334825,0.23,0.33869738053665177
0.43176813180073403,0.229,0.339231868199266
0.432,0.22849637696129044,0.3395036230387096
0.43222834441312824,0.228,0.3397716555868717
0.4326831751074364,0.227,0.34031682489256354
0.433,0.2262958460555074,0.34070415394449255
0.433133002914453,0.226,0.340866997085547
0.43357687857949856,0.225,0.34142312142050146
0.434,0.22403678472869737,0.3419632152713027
0.43401614557155666,0.224,0.34198385442844337
0.43444878661755437,0.223,0.34255121338244565
0.43487672472442007,0.222,0.34312327527557995
0.435,0.22170784581902034,0.3432921541809796
0.4352984323314083,0.221,0.3437015676685917
0.43571467428440613,0.22,0.3442853257155939
0.436,0.21930538082559994,0.34469461917440014
0.43612533713399715,0.219,0.3448746628660029
0.4365295863568257,0.218,0.3454704136431743
0.43692867253256484,0.217,0.3460713274674352
0.437,0.2168182992701526,0.34618170072984733
0.43732096321831937,0.216,0.34667903678168066
0.4377075671358662,0.215,0.3472924328641338
0.438,0.21423205595198225,0.3477679440480178
0.4380882943283741,0.214,0.3479117056716259
0.4384621008522653,0.213,0.3485378991477347
0.4388302566086002,0.212,0.34916974339139983
0.439,0.2115306332429529,0.34946936675704704
0.43919174216752144,0.211,0.3498082578324786
0.43954658042501754,0.21,0.35045341957498244
0.4398954548419515,0.209,0.35110454515804845
0.44,0.20869419762410243,0.3513058023758976
0.44023713079873106,0.208,0.351762869201269
0.44057214750870255,0.207,0.3524278524912975
0.4409008753983197,0.206,0.35309912460168036
0.441,0.20569164023844166,0.3533083597615583
0.4412221492893151,0.205,0.3537778507106849
0.44153645801429314,0.204,0.35446354198570695
0.4418441403713319,0.203,0.3551558596286681
0.442,0.2024811132008983,0.35551888679910176
0.44214439374072806,0.202,0.3558556062592719
0.44243707299580964,0.201,0.3565629270041904
0.4427227750593139,0.2,0.3572772249406861
0.443,0.1990048924576809,0.357995107542319
0.4430013618478891,0.199,0.3579986381521109
0.4432714530714353,0.198,0.35872854692856476
0.4435342022439913,0.197,0.3594657977560087
0.4437894723074824,0.196,0.36021052769251755
0.444,0.19514942091748086,0.36085057908251916
0.4440369524268365,0.195,0.3609630475731635
0.44427573603846693,0.194,0.36172426396153307
0.44450665519365495,0.193,0.36249334480634504
0.44472956506254707,0.192,0.36327043493745287
0.4449443186356818,0.191,0.36405568136431815
0.445,0.1907295450722045,0.3642704549277954
0.44515007230476533,0.19,0.36484992769523467
0.445347152562028,0.189,0.36565284743797194
0.4455356628083169,0.188,0.3664643371916831
0.4457154474594089,0.187,0.36728455254059106
0.4458863485250961,0.186,0.3681136514749039
0.446,0.18529704571190242,0.36870295428809763
0.4460479845206842,0.185,0.36895201547931583
0.44619993522816237,0.184,0.36980006477183763
0.4463425572575186,0.183,0.3706574427424814
0.4464756831340744,0.182,0.37152431686592563
0.44659914272070933,0.181,0.3724008572792907
0.44671276315986114,0.18,0.3732872368401389
0.44681636881396736,0.179,0.37418363118603265
0.4469097812042984,0.178,0.37509021879570165
0.4469928189481278,0.177,0.3760071810518722
0.447,0.17690059196720664,0.3760994080327933
0.44706500030435936,0.176,0.37693499969564065
0.4471264518570052,0.175,0.37787354814299473
0.4471770166128907,0.174,0.37882298338710924
0.4472165016963517,0.173,0.3797834983036484
0.4472447110024124,0.172,0.38075528899758754
0.446,0.15608619264048887,0.3979138073595112
0.444,0.14820062198780548,0.40779937801219457
0.442,0.1428261311653023,0.41517386883469776
0.440220316438934,0.139,0.420779683561066
0.44,0.13857296540240274,0.42142703459759734
0.43916100780756406,0.137,0.4238389921924359
0.4380078222780304,0.135,0.4269921777219696
0.438,0.13498715942781422,0.4270128405721858
0.43675504745670135,0.133,0.43024495254329864
0.436,0.13186842732653936,0.4321315726734607
0.4353984668608926,0.131,0.43360153313910743
0.434,0.1290894326079723,0.43691056739202777
0.4339327201314713,0.129,0.43706727986852867
0.43235039674664466,0.127,0.44064960325335534
0.432,0.1265791456937259,0.4414208543062742
0.4306460432290645,0.125,0.4443539567709355
0.43,0.12428071214036955,0.4457192878596305
0.42881224586976874,0.123,0.44818775413023126
0.428,0.12215979778719599,0.4498402022128041
0.4268408018174378,0.121,0.4521591981825622
0.426,0.1201903150677053,0.4538096849322948
0.4247229898611372,0.119,0.4562770101388628
0.424,0.11835069062758727,0.45764930937241277
0.4224495282566794,0.117,0.46055047174332064
0.422,0.11662289995865854,0.4613771000413415
0.421251363744193,0.116,0.462748636255807
0.421,0.11579609692899562,0.46320390307100434
0.4200105285424466,0.115,0.4649894714575534
0.42,0.11499173860856812,0.4650082613914319
0.419,0.1142129215593014,0.46678707844069856
0.4187243586414034,0.114,0.46727564135859667
0.418,0.11345407966413566,0.4685459203358644
0.41739251454635307,0.113,0.46960748545364694
0.417,0.11271365909095142,0.47028634090904853
0.4160136070633818,0.112,0.47198639293661826
0.416,0.11199038917633565,0.47200961082366444
0.415,0.11128920803303886,0.4737107919669611
0.41458411959169905,0.111,0.47441588040830096
0.414,0.110603312172145,0.47539668782785505
0.41310421118079615,0.11,0.4768957888192039
0.413,0.10993144089319912,0.47706855910680085
0.412,0.10927839393776943,0.47872160606223063
0.41157022435759383,0.109,0.4794297756424062
0.411,0.1086390798318367,0.4803609201681633
0.41,0.10801138927408194,0.48198861072591814
0.4099817248022753,0.108,0.4820182751977248
0.409,0.10740200753667119,0.4835979924633288
0.4083344457071476,0.107,0.4846655542928524
0.408,0.10680251337573432,0.48519748662426576
0.407,0.10621655240867747,0.4867834475913225
0.40662754266067974,0.106,0.4873724573393202
0.406,0.10564321923438082,0.48835678076561917
0.405,0.10507933347899297,0.489920666521007
0.40485827994880347,0.105,0.4901417200511966
0.404,0.10453007449686327,0.49146992550313673
0.40302356586383575,0.104,0.4929764341361643
0.403,0.10398748518117516,0.4930125148188248
0.402,0.10346012286589965,0.4945398771341003
0.40112001700031774,0.103,0.4958799829996823
0.401,0.10293859829066931,0.49606140170933066
0.4,0.10243062590708735,0.49756937409291263
0.3991450908875573,0.102,0.4988549091124427
0.399,0.10192847741503407,0.4990715225849659
0.398,0.1014390418801018,0.5005609581198982
0.3970953527135487,0.101,0.5019046472864513
0.397,0.10095470384336648,0.5020452961566335
0.396,0.10048300696436702,0.5035169930356329
0.395,0.10001532256652589,0.5049846774334741
0.39496700728708367,0.1,0.5050329927129164
0.394,0.09956031856753854,0.5064396814324614
0.393,0.09910945439963392,0.5078905456003661
0.3927554496975204,0.099,0.5082445503024796
0.392,0.09866892045058472,0.5093310795494153
0.391,0.09823418524308881,0.5107658147569112
0.3904571180430411,0.098,0.5115428819569589
0.39,0.09780688944137429,0.5121931105586257
0.389,0.09738763334081477,0.5136123666591852
0.38806771512155547,0.097,0.5149322848784446
0.388,0.09697242354076237,0.5150275764592376
0.387,0.09656803479754338,0.5164319652024566
0.386,0.09616701524434441,0.5178329847556555
0.3855803570005434,0.096,0.5184196429994566
0.385,0.095773733228009,0.519226266771991
0.384,0.09538687342331985,0.5206131265766801
0.383,0.09500323176111182,0.5219967682388882
0.3829915165559408,0.095,0.5220084834440593
0.382,0.09462993371928072,0.5233700662807192
0.381,0.09425979324170132,0.5247402067582987
0.3802925052633739,0.094,0.5257074947366261
0.38,0.09389475713917708,0.5261052428608229
0.379,0.09353761743717408,0.527462382562826
0.378,0.09318344208769147,0.5288165579123085
0.37747802308203626,0.093,0.5295219769179638
0.377,0.09283537210299644,0.5301646278970036
0.376,0.09249361646026037,0.5315063835397397
0.375,0.09215470245074003,0.5328452975492599
0.3745399944750193,0.092,0.5334600055249807
0.374,0.09182201737517201,0.534177982624828
0.373,0.09149497957032221,0.5355050204296778
0.372,0.09117066906197904,0.536829330938021
0.3714695959650038,0.091,0.5375304040349962
0.371,0.09085189535672408,0.5381481046432759
0.37,0.09053895184203667,0.5394610481579634
0.369,0.09022862895623615,0.5407713710437638
0.36825722316075526,0.09,0.5417427768392448
0.368,0.0899223901959018,0.5420776098040982
0.367,0.08962295644938073,0.5433770435506193
0.366,0.08932604369267434,0.5446739563073256
0.365,0.08903164059332319,0.5459683594066769
0.36489170976828916,0.089,0.5461082902317109
0.364,0.08874457840972896,0.5472554215902711
0.363,0.08846053346309651,0.5485394665369034
0.362,0.08817890604854083,0.5498210939514592
0.3613595024198532,0.088,0.5506404975801468
0.361,0.08790155002589914,0.5510984499741008
0.36,0.08762986285499548,0.5523701371450045
0.359,0.08736050693994836,0.5536394930600517
0.358,0.08709347315253559,0.5549065268474644
0.35764712508545804,0.087,0.555352874914542
0.357,0.08683192806855385,0.5561680719314461
0.356,0.08657436868533586,0.5574256313146642
0.355,0.08631905143267184,0.5586809485673282
0.354,0.08606596822602677,0.5599340317739733
0.3537372129750644,0.086,0.5602627870249356
0.353,0.08581853450120851,0.5611814654987916
0.352,0.08557449062569406,0.562425509374306
0.351,0.08533260651702515,0.5636673934829749
0.35,0.08509287504659442,0.5649071249534056
0.3496093059662438,0.085,0.5653906940337563
0.349,0.08485796603308951,0.5661420339669105
0.348,0.08462686677792698,0.5673731332220731
0.347,0.08439785109969856,0.5686021489003015
0.346,0.08417091274785247,0.5698290872521475
0.34524009915955634,0.084,0.5707599008404437
0.345,0.0839470431522685,0.5710529568477315
0.344,0.08372835535144461,0.5722716446485554
0.343,0.08351168058705144,0.5734883194129485
0.342,0.08329701341739201,0.5747029865826079
0.341,0.08308434852397827,0.5759156514760218
0.340599815351417,0.083,0.5764001846485831
0.34,0.08287601393896975,0.5771239860610302
0.339,0.0826711865440154,0.5783288134559846
0.338,0.0824683021311977,0.5795316978688022
0.337,0.08226735612215709,0.580732643877843
0.336,0.08206834405399677,0.5819316559460032
0.33565340329590265,0.082,0.5823465967040974
0.335,0.08187363852610174,0.5831263614738983
0.334,0.08168207911505453,0.5843179208849454
0.333,0.08149239888727614,0.5855076011127239
0.332,0.08130459405995279,0.5866954059400471
0.331,0.0811186609591726,0.5878813390408274
0.33035550757951376,0.081,0.5886444924204863
0.33,0.08093580376728209,0.5890641962327179
0.329,0.08075696397184931,0.5902430360281508
0.328,0.08057994527615532,0.5914200547238446
0.327,0.08040474463389623,0.5925952553661038
0.326,0.08023135910215803,0.5937686408978419
0.325,0.08005978584111857,0.5949402141588814
0.32464799690523416,0.08,0.5953520030947659
0.324,0.0798920525961418,0.5961079474038582
0.323,0.07972719235049011,0.59727280764951
0.322,0.07956409799917995,0.59843590200082
0.321,0.07940276727987032,0.5995972327201298
0.32,0.07924319802885126,0.6007568019711487
0.319,0.07908538818088287,0.6019146118191172
0.318452997702208,0.079,0.6025470022977921
0.318,0.07893064095752365,0.6030693590424763
0.317,0.07877919066695903,0.604220809333041
0.316,0.07862945726072308,0.6053705427392768
0.315,0.07848143920829023,0.6065185607917098
0.314,0.07833513507407905,0.6076648649259209
0.313,0.07819054351741749,0.6088094564825826
0.312,0.07804766329252671,0.6099523367074733
0.31166251904012454,0.078,0.6103374809598755
0.311,0.07790822072486961,0.6110917792751305
0.31,0.07777133295749743,0.6122286670425026
0.309,0.07763611792184778,0.6133638820781523
0.308,0.0775025748678736,0.6144974251321264
0.307,0.07737070313783738,0.6156292968621627
0.306,0.07724050216641339,0.6167594978335865
0.305,0.07711197148080523,0.6178880285191948
0.3041174331390986,0.077,0.6188825668609015
0.304,0.07698538600581119,0.6190146139941888
