p1,p2,p3
0.44300651488596365,0.227,0.32999348511403637
0.44331748400602666,0.226,0.33068251599397336
0.4436244471496652,0.225,0.3313755528503348
0.4439273644706265,0.224,0.3320726355293735
0.444,0.22375653560893513,0.3322434643910649
0.4442253399602911,0.223,0.3327746600397089
0.4445189289034797,0.222,0.33348107109652037
0.44480836538765156,0.221,0.33419163461234846
0.445,0.2203276946435748,0.3346723053564251
0.44509325488419843,0.22,0.33490674511580165
0.44537320120397456,0.219,0.3356267987960254
0.44564888646626516,0.218,0.3363511135337349
0.44592026892042547,0.217,0.33707973107957456
0.446,0.21670097283046627,0.33729902716953375
0.4461865998155106,0.216,0.33781340018448947
0.446448258346768,0.215,0.3385517416532321
0.4467055025897606,0.214,0.3392944974102394
0.4469582896067137,0.213,0.34004171039328634
0.447,0.21283170720443556,0.3401682927955644
0.44720579766078605,0.212,0.340794202339214
0.4474486206915452,0.211,0.3415513793084549
0.447686871979433,0.21,0.342313128020567
0.4479205073387222,0.209,0.3430794926612778
0.448,0.20865234837370072,0.3433476516262993
0.44814891956499997,0.208,0.3438510804350001
0.44837234419606303,0.207,0.34462765580393706
0.44859103517914894,0.206,0.34540896482085115
0.44880494701569196,0.205,0.3461950529843081
0.449,0.20406698656599043,0.3469330134340095
0.44901398105765655,0.204,0.3469860189423435
0.4492174283434111,0.203,0.3477825716565888
0.4494159753829728,0.202,0.34858402461702725
0.44960957529559303,0.201,0.3493904247044069
0.4497981807949188,0.2,0.35020181920508126
0.44998174418312104,0.199,0.3510182558168789
0.45,0.19889751674642392,0.3511024832535761
0.4501596150090282,0.198,0.35184038499097187
0.4503322971029129,0.197,0.3526677028970871
0.45049981029774383,0.196,0.3535001897022562
0.45066210539596124,0.195,0.3543378946040388
0.4508191327603066,0.194,0.3551808672396934
0.4509708423073333,0.193,0.3560291576926667
0.451,0.19280041947699714,0.3561995805230028
0.4511167429460102,0.192,0.3568832570539899
0.45125713446593524,0.191,0.3577428655340647
0.4513920751840756,0.19,0.35860792481592435
0.4515215133863968,0.189,0.3594784866136032
0.4516453968813051,0.188,0.3603546031186949
0.45176367299244186,0.187,0.3612363270075581
0.45187628855134193,0.186,0.3621237114486581
0.4519831898899524,0.185,0.36301681011004755
0.452,0.1848334921023311,0.3631665078976689
0.4520840054340278,0.184,0.3639159945659722
0.4521789561516547,0.183,0.3648210438483453
0.4522680503089351,0.182,0.3657319496910649
0.4523512324049877,0.181,0.36664876759501236
0.45242844640290675,0.18,0.3675715535970933
0.45249963572140467,0.179,0.3685003642785954
0.45256474322628737,0.178,0.36943525677371264
0.45262371122175793,0.177,0.3703762887782421
0.45267648144154415,0.176,0.37132351855845586
0.452722995039845,0.175,0.372277004960155
0.4527631925820905,0.174,0.3732368074179095
0.45279701403551076,0.173,0.37420298596448925
0.4528243987595082,0.172,0.3751756012404918
0.452,0.15268440859319682,0.3953155914068032
0.45,0.14050391206920912,0.40949608793079095
0.4496640131222468,0.139,0.4113359868777532
0.4491840808432774,0.137,0.41381591915672256
0.44866587827421717,0.135,0.41633412172578277
0.4481090833738066,0.133,0.4188909166261934
0.448,0.1326270199647067,0.41937298003529333
0.4475117090109396,0.131,0.4214882909890604
0.4468737892176569,0.129,0.42412621078234314
0.4461932209381265,0.127,0.4268067790618735
0.446,0.12645639561214794,0.4275436043878521
0.44546906434957945,0.125,0.42953093565042055
0.44470040643629605,0.123,0.43229959356370395
0.444,0.12127530461448476,0.4347246953855153
0.44388577922176903,0.121,0.43511422077823103
0.44302356332217097,0.119,0.43797643667782904
0.44211200628163494,0.117,0.44088799371836507
0.442,0.1167630063421014,0.44123699365789865
0.44163715914105495,0.116,0.44236284085894506
0.44114994103018246,0.115,0.44385005896981755
0.441,0.11469923922643788,0.44430076077356206
0.44064923233022174,0.114,0.4453507676697782
0.4401356738972839,0.113,0.4468643261027161
0.44,0.11274163132691307,0.447258368673087
0.4396081215716777,0.112,0.4483918784283223
0.43906744491199373,0.111,0.4499325550880062
0.439,0.11087789951997029,0.45012210048002965
0.43851202662593103,0.11,0.451487973374069
0.438,0.10909931415572004,0.45290068584428
0.43794318525013065,0.109,0.45305681474986936
0.4373590753217936,0.108,0.4546409246782065
0.437,0.10739840541743456,0.4556015945825654
0.4367606955506165,0.107,0.45623930444938354
0.4361473197030562,0.106,0.4578526802969438
0.436,0.10576466722545215,0.4582353327745479
0.4355182649518995,0.105,0.4594817350481005
0.435,0.10419433054484713,0.46080566945515283
0.4348741928692278,0.104,0.4611258071307722
0.43421381692429045,0.103,0.4627861830757096
0.434,0.10268260249814748,0.4633173975018526
0.4335372039076418,0.102,0.4644627960923583
0.433,0.1012233487788855,0.46577665122111445
0.43284451364156656,0.101,0.4661554863584334
0.4321347660510017,0.1,0.46786523394899826
0.432,0.09981370692457713,0.4681862930754229
0.4314075360634135,0.099,0.4695924639365865
0.431,0.09845095583765977,0.47054904416234017
0.4306630886096579,0.098,0.4713369113903422
0.43,0.0971291667921459,0.47287083320785417
0.4299010026938716,0.097,0.47309899730612837
0.42912030859827904,0.096,0.4748796914017209
0.429,0.09584869353396741,0.47515130646603254
0.4283207316749418,0.095,0.47667926832505825
0.428,0.09460656336260441,0.47739343663739564
0.4275022537456091,0.094,0.478497746254391
0.427,0.09339895242104741,0.47960104757895256
0.4266644062126223,0.093,0.48033559378737767
0.426,0.09222420198101135,0.48177579801898873
0.4258067066711937,0.092,0.48219329332880634
0.425,0.09108075201880211,0.48391924798119784
0.42492865838987326,0.091,0.48407134161012677
0.42402961353201146,0.09,0.4859703864679886
0.424,0.0899676243833161,0.486032375616684
0.4231089494767396,0.089,0.48789105052326043
0.423,0.08888370999357247,0.4881162900064275
0.4221664521018771,0.088,0.48983354789812295
0.422,0.08782651761701707,0.490173482382983
0.4212015660899681,0.087,0.49179843391003186
0.421,0.08679484193729516,0.4922051580627048
0.42021371902500804,0.086,0.493786280974992
0.42,0.08578754237400271,0.49421245762599736
0.41920232072245933,0.085,0.49579767927754065
0.419,0.08480353850407915,0.4961964614959208
0.4181667625276882,0.084,0.49783323747231184
0.418,0.08384180585418811,0.49815819414581197
0.4171064165810501,0.083,0.4998935834189499
0.417,0.08290137202872275,0.5000986279712772
0.4160206350477216,0.082,0.5019793649522785
0.416,0.08198131314182987,0.5020186868581702
0.415,0.08108189616865924,0.5039181038313407
0.41490830487310604,0.081,0.504091695126894
0.414,0.08020165237542606,0.505798347624574
0.4137689417943985,0.08,0.5062310582056015
0.413,0.07933950367345535,0.5076604963265446
0.4126019265576234,0.079,0.5083980734423766
0.412,0.07849467668664567,0.5095053233133544
0.4114065163125421,0.078,0.5105934836874579
0.411,0.07766643348863657,0.5113335665113634
0.4101819434624807,0.077,0.5128180565375193
0.41,0.07685406927187738,0.5131459307281228
0.409,0.07605769498453888,0.5149423050154611
0.40892704692173953,0.076,0.5150729530782605
0.408,0.0752780775767496,0.5167219224232504
0.4076402838258758,0.075,0.5173597161741242
0.407,0.07451256898582573,0.5184874310141743
0.406321713038153,0.074,0.519678286961847
0.406,0.07376056905950663,0.5202394309404933
0.405,0.07302179438059252,0.5219782056194074
0.4049702946643546,0.073,0.5220297053356455
0.404,0.07229880925022607,0.523701190749774
0.403583400759116,0.072,0.5244165992408841
0.403,0.07158780881831675,0.5254121911816833
0.4021617345276923,0.071,0.5268382654723077
0.402,0.07088827636225994,0.5271117236377401
0.401,0.07020239876756076,0.5287976012324392
0.40070272064245865,0.07,0.5292972793575412
0.4,0.06952863648556634,0.5304713635144336
0.39920581824403634,0.069,0.5317941817559637
0.399,0.0688650171316462,0.5321349828683538
0.398,0.06821390895702531,0.5337860910429747
0.39766900968873514,0.068,0.5343309903112647
0.397,0.0675739690384426,0.5354260309615574
0.39609159933357596,0.067,0.536908400666424
0.396,0.06694296759675819,0.5370570324032418
0.395,0.06632475094696265,0.5386752490530373
0.3944705917476863,0.066,0.5395294082523137
0.394,0.06571551774514106,0.5402844822548589
0.393,0.06511563348379866,0.5418843665162013
0.39280581953724164,0.065,0.5421941804627584
0.392,0.06452706942915916,0.5434729305708408
0.39109465484142897,0.064,0.544905345158571
0.391,0.06394568809284173,0.5450543119071583
0.39,0.063376030637616,0.546623969362384
0.3893345679352048,0.063,0.5476654320647951
0.389,0.06281365050738331,0.5481863494926167
0.388,0.06226088350108578,0.5497391164989142
0.387524329757916,0.062,0.5504756702420839
0.387,0.061716539235428386,0.5512834607645716
0.386,0.06118017931445944,0.5528198206855406
0.3856614729881769,0.061,0.5533385270118232
0.385,0.06065294957198017,0.5543470504280198
0.384,0.06013253391270326,0.5558674660872968
0.3837433743247986,0.06,0.5562566256752013
0.383,0.05962153822023572,0.5573784617797642
0.382,0.05911662336752006,0.5588833766324799
0.38176724199739565,0.059,0.5592327580026044
0.381,0.0586210191997062,0.5603789808002938
0.38,0.058131179975574564,0.5618688200244254
0.3797301020724058,0.058,0.5622698979275942
0.379,0.057650160025649586,0.5633498399743504
0.378,0.05717498851156328,0.5648250114884367
0.37762878341756806,0.057,0.565371216582432
0.377,0.056707778134822445,0.5662922218651776
0.376,0.05624688272173036,0.5677531172782696
0.3754599011698856,0.056,0.5685400988301144
0.375,0.055792737534653636,0.5692072624653464
0.374,0.055345742035462844,0.5706542579645372
0.3732198385314023,0.055,0.5717801614685977
0.373,0.05490394565479295,0.572096054345207
0.372,0.054470488474394445,0.5735295115256056
0.371,0.05404087968460458,0.5749591203153954
0.3709040848251698,0.054,0.5750959151748302
0.37,0.05362008374000868,0.5763799162599913
0.369,0.05320357682603375,0.5777964231739663
0.3685070660493318,0.053,0.5784929339506681
0.368,0.05279352646209238,0.5792064735379077
0.367,0.0523897899016318,0.5806102100983682
0.36602573190101384,0.052,0.5819742680989861
0.366,0.0519898495915594,0.5820101504084406
0.365,0.051598564101450924,0.5834014358985491
0.364,0.0512108596085673,0.5847891403914327
0.363451339585263,0.051,0.585548660414737
0.363,0.05082897582758615,0.5861710241724138
0.362,0.050453335711269726,0.5875466642887303
0.361,0.05008118756413856,0.5889188124358614
0.36077995733502904,0.05,0.589220042664971
0.36,0.04971626064022387,0.5902837393597762
0.359,0.049355807118027305,0.5916441928819727
0.35800347506117236,0.049,0.5929965249388276
0.358,0.04899877666259486,0.5930012233374051
0.357,0.04864973660378367,0.5943502633962163
0.356,0.04830403073338507,0.5956959692666149
0.35511210710614943,0.048,0.5968878928938506
0.355,0.04796215196135191,0.5970378480386481
0.354,0.047627517713951587,0.5983724822860484
0.353,0.04729613916796665,0.5997038608320334
0.3520975818233408,0.047,0.6009024181766592
0.352,0.04696842792194974,0.6010315720780502
0.351,0.04664779331403363,0.6023522066859663
0.35,0.04633033924159815,0.6036696607584019
0.349,0.04601605826302869,0.6049839417369713
0.34894843092505745,0.046,0.6050515690749425
0.348,0.04570882238151539,0.6062911776184846
0.347,0.04540490634653924,0.6075950936534608
0.346,0.045104091921914426,0.6088959080780856
0.3456505786358798,0.045,0.6093494213641202
0.345,0.04480892813378485,0.6101910718662151
0.344,0.04451817912321761,0.6114818208767824
0.343,0.044230463152966366,0.6127695368470336
0.341,0.04366855441042368,0.6153314455895763
0.339,0.04312157327272256,0.6178784267272774
0.337,0.04259191551918138,0.6204080844808186
0.335,0.04207547248311733,0.6229245275168827
0.333,0.04157632014370056,0.6254236798562994
0.331,0.04108951231601032,0.6279104876839897
0.329,0.04061918580010449,0.6303808141998956
0.327,0.040161150207825826,0.6328388497921742
0.325,0.03971802933447787,0.6352819706655222
0.323,0.03928794019828316,0.6377120598017169
0.321,0.03887045790938905,0.640129542090611
0.319,0.03846752409787621,0.6425324759021238
0.317,0.038075190236905226,0.6449248097630949
0.315,0.037697623047485716,0.6473023769525144
0.313,0.037331474970386094,0.6496685250296139
0.311,0.03697602939552852,0.6520239706044715
0.309,0.03663534798922082,0.6543646520107792
0.307,0.03630483633523305,0.656695163664767
0.305,0.0359846922938162,0.6590153077061839
0.303,0.03567876673549129,0.6613212332645088
0.301,0.03538280756176561,0.6636171924382345
0.299,0.035096801157914664,0.6659031988420854
0.297,0.03482323857533542,0.6681767614246646
0.295,0.03456080819776318,0.6704391918022369
0.293,0.03430814614846907,0.672691853851531
0.291,0.03406524355276577,0.6749347564472343
0.289,0.03383445462190579,0.6771655453780943
0.287,0.033614182853339926,0.6793858171466601
0.285,0.03340350378080143,0.6815964962191986
0.283,0.03320241309203014,0.68379758690797
0.281,0.03301090741296837,0.6859890925870316
0.2808817149000635,0.033,0.6861182850999364
0.28,0.0329198998305035,0.6870801001694965
0.279,0.03283140658019611,0.6881685934198039
0.278,0.032745272874925936,0.6892547271250741
0.277,0.03266149869981818,0.6903385013001818
0.276,0.03258008409836593,0.6914199159016341
0.275,0.032501029172612134,0.6924989708273879
0.274,0.0324243340833385,0.6935756659166614
0.273,0.03234999905026163,0.6946500009497384
0.272,0.03227802435223643,0.6957219756477635
0.271,0.032208410327467206,0.6967915896725327
0.27,0.03214115737372593,0.6978588426262741
0.269,0.03207626594857844,0.6989237340514215
0.268,0.03201373656961801,0.699986263430382
0.26777180309889576,0.032,0.7002281969011042
0.267,0.031954231762950064,0.7010457682370499
0.266,0.03189725135103835,0.7021027486489616
0.265,0.03184260012245719,0.7031573998775428
0.264,0.03179027889996433,0.7042097211000357
0.263,0.03174028856637995,0.7052597114336201
0.262,0.03169263006487076,0.7063073699351292
0.261,0.031647304399241995,0.707352695600758
0.26,0.031604312634238026,0.708395687365762
0.259,0.031563655895851354,0.7094363441041487
0.258,0.03152533537164044,0.7104746646283595
0.257,0.03148935231105605,0.7115106476889439
0.256,0.03145570802577666,0.7125442919742233
0.255,0.031424403890052965,0.713575596109947
0.254,0.031395441341061245,0.7146045586589388
0.253,0.03136882187926643,0.7156311781207336
0.252,0.031344547068794436,0.7166554529312056
0.251,0.031322618537813894,0.7176773814621861
0.25,0.03130303797892814,0.7186969620210719
0.249,0.03128580714957677,0.7197141928504233
0.248,0.03127092787244714,0.7207290721275529
0.247,0.03125840203589663,0.7217415979641034
0.246,0.031248231594384803,0.7227517684056152
0.245,0.031240418568916448,0.7237595814310835
0.244,0.031234965047495265,0.7247650349525048
0.243,0.031231873185588687,0.7257681268144113
0.242,0.031231145206603552,0.7267688547933965
0.241,0.03123278340237333,0.7277672165976267
0.24,0.031236790133657096,0.7287632098663429
0.239,0.031243167830649596,0.7297568321693504
0.238,0.03125191899350408,0.7307480810064959
0.237,0.03126304619286674,0.7317369538071332
0.236,0.031276552070423756,0.7327234479295762
0.235,0.03129243933946101,0.733707560660539
0.234,0.0313107107854367,0.7346892892145633
0.233,0.03133136926656682,0.7356686307334332
0.232,0.03135441771442426,0.7366455822855758
0.231,0.0313798591345516,0.7376201408654484
0.23,0.03140769660708745,0.7385923033929126
0.229,0.03143793328740714,0.7395620667125928
0.228,0.03147057240677797,0.740529427593222
0.227,0.03150561727302896,0.7414943827269711
0.226,0.03154307127123563,0.7424569287287643
0.225,0.03158293786442029,0.7434170621355798
0.224,0.031625220594267804,0.7443747794057323
0.223,0.03166992308185717,0.7453300769181429
0.222,0.031717049028409744,0.7462829509715903
0.221,0.03176660221605383,0.7472333977839462
0.22,0.03181858650860602,0.748181413491394
0.219,0.031873005852370455,0.7491269941476296
0.218,0.03192986427695508,0.7500701357230449
0.217,0.031989165896106536,0.7510108341038935
0.2168246275567564,0.032,0.7511753724432435
0.216,0.03205162696800495,0.7519483730319951
0.215,0.03211672451771343,0.7528832754822866
0.214,0.032184311304847134,0.7538156886951529
0.213,0.0322543917909628,0.7547456082090372
0.212,0.03232697052760074,0.7556730294723993
0.211,0.03240205215724451,0.7565979478427556
0.21,0.03247964141430244,0.7575203585856976
0.209,0.03255974312611044,0.7584402568738896
0.208,0.032642362213957325,0.7593576377860427
0.207,0.032727503694133055,0.760272496305867
0.206,0.032815172678999964,0.7611848273210001
0.205,0.032905374378088305,0.7620946256219118
0.204,0.032998114099215735,0.7630018859007843
0.202,0.03319383885544861,0.7648061611445515
0.2,0.03339994043097004,0.76660005956903
0.198,0.03361643934352319,0.7683835606564768
0.196,0.033843383591411286,0.7701566164085888
0.194,0.0340819037915339,0.7719180962084662
0.192,0.03433320071403051,0.7736667992859696
0.19,0.034595230950103875,0.7754047690498962
0.188,0.03486805007843974,0.7771319499215603
0.186,0.03515370520070396,0.7788462947992961
0.184,0.03545213248530301,0.7805478675146971
0.182,0.03576166145341891,0.7822383385465812
0.18,0.03608341723652213,0.783916582763478
0.178,0.03641961375378838,0.7855803862462116
0.176,0.03676724597604678,0.7872327540239533
0.174,0.03712798572775901,0.7888720142722411
0.172,0.037503392660519365,0.7904966073394807
0.171,0.03769551376763302,0.7913044862323669
0.17,0.03789059309234882,0.7921094069076511
0.16944771181612786,0.038,0.7925522881838721
0.169,0.03808974507152933,0.7929102549284707
0.168,0.03829327350616438,0.7937067264938356
0.167,0.03849982489990108,0.7945001751000988
0.166,0.03870940990433807,0.7952905900956619
0.165,0.03892203935376323,0.7960779606462367
0.1646386742940128,0.039,0.7963613257059872
0.164,0.03913941352640386,0.7968605864735961
0.163,0.039360845458571735,0.7976391545414282
0.162,0.03958538980119882,0.7984146101988011
0.161,0.03981305823395346,0.7991869417660465
0.16019013004045224,0.04,0.7998098699595477
0.16,0.040044392851701444,0.7999556071482985
0.159,0.040281171211334,0.800718828788666
0.158,0.040521144494183446,0.8014788555058165
0.157,0.04076432529691978,0.8022356747030802
0.15604355623883703,0.041,0.8029564437611629
0.156,0.041010854275735434,0.8029891457242645
0.155,0.041263462037650474,0.8037365379623495
0.154,0.04151935128536214,0.8044806487146379
0.153,0.04177853561188941,0.8052214643881106
0.15215638031892778,0.042,0.8058436196810722
0.152,0.04204151117873179,0.8059584888212682
0.151,0.042310449986545,0.806689550013455
0.15,0.04258276126408158,0.8074172387359184
0.149,0.04285845968885629,0.8081415403111437
0.14849301443279447,0.043,0.8085069855672055
0.148,0.0431391559252301,0.8088608440747699
0.147,0.04342494782831595,0.809575052171684
0.146,0.04371420801752344,0.8102857919824765
0.14502376241325568,0.044,0.8109762375867443
0.145,0.04400703201545129,0.8109929679845487
0.144,0.044306668841743654,0.8116933311582564
0.143,0.04460985820865472,0.8123901417913453
0.142,0.04491661696699456,0.8130833830330054
0.14173143692393209,0.045,0.8132685630760679
0.141,0.045229530313234664,0.8137704696867654
0.14,0.04554702789081675,0.8144529721091832
0.139,0.045868183525313355,0.8151318164746866
0.13859434333744625,0.046,0.8154056566625537
0.138,0.04619517420282688,0.8158048257971731
0.137,0.04652737148640512,0.8164726285135948
0.136,0.04686331917228294,0.8171366808277171
0.13559780619475986,0.047,0.8174021938052402
0.135,0.04720528204002925,0.8177947179599707
0.134,0.04755258389864348,0.8184474161013565
0.133,0.04790373246721367,0.8190962675327863
0.13272895428695552,0.048,0.8192710457130444
0.132,0.04826157871388174,0.8197384212861183
0.131,0.04862440437851002,0.82037559562149
0.13,0.04899117733096943,0.8210088226690305
0.12997621667950843,0.049,0.8210237833204915
0.129,0.049365836469634515,0.8216341635303654
0.128,0.0497446206075325,0.8222553793924675
0.1273330634330697,0.05,0.8226669365669302
0.127,0.05012882333891043,0.8228711766610896
0.126,0.05051987914956944,0.8234801208504305
0.125,0.05091507303523674,0.8240849269647632
0.12478744283599844,0.051,0.8242125571640015
0.124,0.051317765879278714,0.8246822341207213
0.123,0.05172558671890565,0.8252744132810943
0.12233420314847794,0.052,0.825665796851522
0.122,0.05213910691177147,0.8258608930882285
0.121,0.05255983149188833,0.8264401685081116
0.12,0.05298490012200982,0.8270150998779902
0.1199648592600835,0.053,0.8270351407399165
0.119,0.053418655332208936,0.8275813446677911
0.118,0.05385700698576285,0.8281429930142371
0.11767722178997668,0.054,0.8283227782100233
0.117,0.0543029222185734,0.8286970777814266
0.116,0.054754852106557686,0.8292451478934423
0.1154631372862511,0.055,0.8295368627137488
0.115,0.05521351340515361,0.8297864865948464
0.114,0.05567932518180986,0.8303206748181902
0.11331855011209319,0.056,0.8306814498879067
0.113,0.056151328733174286,0.8308486712668257
0.112,0.05663133494496532,0.8313686650550347
0.11123964222721719,0.057,0.8317603577727828
0.111,0.05711728798706188,0.8318827120129382
0.11,0.05761181055289144,0.8323881894471086
0.10922281500296582,0.058,0.8327771849970341
0.109,0.05811233230318892,0.8328876676968111
0.108,0.05862170302872996,0.8333782969712701
0.10726467254590849,0.059,0.8337353274540915
0.107,0.059137425639632514,0.8338625743603675
0.106,0.05966198676894562,0.8343380132310544
0.10536200637621185,0.06,0.8346379936237882
0.105,0.0601935563158577,0.8348064436841424
0.104,0.060733661123838656,0.8352663388761614
0.10351178132333007,0.061,0.8354882186766699
0.103,0.0612817386318512,0.8357182613681489
0.102,0.0618377520614533,0.8361622479385468
0.1017111225157464,0.062,0.8362888774842536
0.101,0.062403014576972775,0.8365969854230273
0.1,0.06297531392561113,0.8370246860743888
0.09995730335386484,0.063,0.8370426966461351
0.099,0.06355845563968243,0.8374415443603176
0.09825044476025702,0.064,0.8377495552397429
0.098,0.06414884594464579,0.8378511540553543
0.097,0.06474916473034437,0.8382508352696556
0.09658628361088542,0.065,0.8384137163891145
0.096,0.06535860784753719,0.8386413921524628
0.095,0.06597627823054232,0.8390237217694577
0.0949619822931265,0.066,0.8390380177068735
0.094,0.06660551798089569,0.8393944820191044
0.09337937105379837,0.067,0.8396206289462016
0.093,0.06724323958190676,0.8397567604180933
0.092,0.06789077014031558,0.8401092298596844
0.0918329953686576,0.068,0.8401670046313423
0.091,0.06854954663207107,0.840450453367929
0.09032384876275991,0.069,0.84067615123724
0.09,0.06921760803917999,0.84078239196082
0.089,0.06989623182474138,0.8411037681752587
0.08884861396267137,0.07,0.8411513860373285
0.088,0.07058666601175188,0.8414133339882481
0.08740794362227551,0.071,0.8415920563777245
0.087,0.07128722326316345,0.8417127767368366
0.086,0.07199824753774359,0.8420017524622565
0.08599756010511934,0.072,0.8420024398948807
0.085,0.07272256194688693,0.8422774380531131
0.08462072453149666,0.073,0.8423792754685033
0.084,0.0734578771425448,0.8425421228574552
0.08327228064604976,0.074,0.8427277193539503
0.083,0.07420453625170309,0.842795463748297
0.082,0.074963221681397,0.843036778318603
0.08195201052500899,0.075,0.843047989474991
0.081,0.07573567541545201,0.843264324584548
0.08066132376915246,0.076,0.8433386762308476
0.08,0.07652041249591313,0.8434795875040869
0.07939658627404314,0.077,0.8436034137259569
0.079,0.07731779991718392,0.8436822000828161
0.07815712098655624,0.078,0.8438428790134438
0.078,0.07812821161699958,0.8438717883830005
0.077,0.07895245323132952,0.8440475467686706
0.07694289628601472,0.079,0.8440571037139853
0.076,0.07979149522117818,0.8442085047788219
0.07575409495743345,0.08,0.8442459050425666
0.075,0.08064459448494424,0.8443554055150558
0.07458839039305404,0.081,0.8444116096069461
0.074,0.08151215444359855,0.8444878455564016
0.07344517721990569,0.082,0.8445548227800943
0.073,0.08239458714510825,0.8446054128548918
0.07232386463353843,0.083,0.8446761353664616
0.072,0.0832923136669773,0.8447076863330227
0.0712238758186091,0.084,0.8447761241813909
0.071,0.08420576453365318,0.8447942354663469
0.07014464738846607,0.085,0.844855352611534
0.07,0.08513538015010143,0.8448646198498985
0.06908562884231959,0.086,0.8449143711576804
0.069,0.08608161125292939,0.8449183887470707
0.06804628203862616,0.087,0.8449537179613739
0.068,0.08704491938052362,0.8449550806194763
0.06702608068336402,0.088,0.844973919316636
0.067,0.08802577736377502,0.844974222636225
0.06602450983189198,0.089,0.844975490168108
0.066,0.08902466983906114,0.8449753301609388
0.06504106540312461,0.09,0.8449589345968754
0.065,0.09004209378529852,0.8449579062147016
0.0640752537047515,0.091,0.8449247462952485
0.064,0.0910785590869975,0.8449214409130025
0.06312659096825357,0.092,0.8448734090317465
0.063,0.09213458912542644,0.8448654108745737
0.06219460289244759,0.093,0.8448053971075524
0.062,0.09321072140014741,0.8447892785998525
0.06127882419429628,0.094,0.8447211758057037
0.061,0.09430750818339825,0.8446924918166018
0.0603787981656822,0.095,0.8446212018343178
0.06,0.09542551720999294,0.844574482790007
0.059494076234826734,0.096,0.8445059237651733
0.059,0.0965653324056751,0.844434667594325
0.0586242175309788,0.097,0.8443757824690212
0.058,0.09772755465711094,0.844272445342889
0.057768788450950986,0.098,0.844231211549049
0.057,0.09891280262703095,0.844087197372969
0.05692736222600364,0.099,0.8440726377739964
0.05610069945568269,0.1,0.8438993005443173
0.056,0.10012274771766627,0.8438772522823337
0.05528824281240755,0.101,0.8437117571875925
0.055,0.1013579561136233,0.8436420438863766
0.05448872598139866,0.102,0.8435112740186014
0.054,0.10261836870123257,0.8433816312987674
0.05370174522337154,0.103,0.8432982547766285
0.053,0.10390469007920937,0.8430953099207906
0.05292690176415243,0.104,0.8430730982358476
0.052165795738870466,0.105,0.8428342042611295
0.052,0.1052194879786768,0.8427805120213232
0.051417105528589725,0.106,0.8425828944714103
0.051,0.10656270678021691,0.842437293219783
0.05067956155174598,0.107,0.842320438448254
0.05,0.10793432341252407,0.8420656765874759
0.04995278186765729,0.108,0.8420472181323427
0.049239330731992596,0.109,0.8417606692680074
0.049,0.1093379758043274,0.8416620241956726
0.04853665271337244,0.11,0.8414633472866275
0.048,0.11077247917548659,0.8412275208245134
0.04784379233863126,0.111,0.8411562076613688
0.047162409947599404,0.112,0.8408375900524007
0.047,0.11224016380752784,0.8407598361924721
0.046492251261614395,0.113,0.8405077487383856
0.046,0.1137421168949176,0.8402578831050823
0.0458309902977796,0.114,0.8401690097022204
0.04518056117408396,0.115,0.839819438825916
0.045,0.11527970941604194,0.839720290583958
0.04454064984019329,0.116,0.8394593501598068
0.044,0.11685405254142948,0.8391459474585705
0.043908737481770356,0.117,0.8390912625182296
0.04328820287477483,0.118,0.8387117971252251
0.043,0.11846792219864533,0.8385320778013546
0.04267632906469313,0.119,0.8383236709353069
0.04207252152855306,0.12,0.837927478471447
0.042,0.12012103560820708,0.8378789643917929
0.04147992541334233,0.121,0.8375200745866577
0.041,0.12181709680820504,0.8371829031917949
0.04089392839065162,0.122,0.8371060716093484
0.0403184382749864,0.123,0.8366815617250136
0.04,0.12355747976777132,0.8364425202322286
0.03975046162333513,0.124,0.8362495383766648
0.03919080216341217,0.125,0.8358091978365878
0.039,0.1253435335101873,0.8356564664898127
0.03864011662767372,0.126,0.8353598833723263
0.038095972686526446,0.127,0.8349040273134736
0.038,0.1271777455190453,0.8348222544809547
0.0375618593587265,0.128,0.8344381406412735
0.03703292488180173,0.129,0.8339670751181982
0.037,0.1290627377939552,0.8339372622060448
0.036514673870517156,0.13,0.8334853261294829
0.03600065154576122,0.131,0.8329993484542387
0.036,0.13100127761090244,0.8329987223890976
0.03549756059684934,0.132,0.8325024394031506
0.035,0.13299632080423462,0.8320036791957653
0.03499818779999557,0.133,0.8320018122000045
0.034509534595499984,0.134,0.8314904654045
0.03402447807451653,0.135,0.8309755219254835
0.034,0.1350508671168154,0.8309491328831846
0.03354962373678805,0.136,0.8304503762632119
0.03307863689742012,0.137,0.8299213631025799
0.033,0.13716828951886478,0.8298317104811352
0.03261686681480417,0.138,0.8293831331851959
0.03215968445659141,0.139,0.8288403155434085
0.032,0.13935203475254446,0.8286479652474555
0.03171031155611744,0.14,0.8282896884438825
0.03126667592140853,0.141,0.8277333240785915
0.031,0.14160579822294617,0.8273942017770538
0.030829012496346175,0.142,0.8271709875036538
0.030398673087461126,0.143,0.8266013269125388
0.03,0.1439335117237011,0.8260664882762989
0.02997202868933184,0.144,0.8260279713106682
0.029554742111964044,0.145,0.8254452578880359
0.029140635484196063,0.146,0.8248593645158039
0.029,0.1463423488462949,0.824657651153705
0.02873395104029762,0.147,0.8242660489597023
0.028332586631390336,0.148,0.8236674133686096
0.028,0.14883514359721425,0.8231648564027857
0.027935367072413387,0.149,0.8230646329275866
0.02754651676101807,0.15,0.8224534832389819
0.027160684676184522,0.151,0.8218393153238155
0.027,0.15141985942134417,0.8215801405786558
0.026781495873496243,0.152,0.8212185041265038
0.0264078856721321,0.153,0.8205921143278678
0.02603720901014881,0.154,0.8199627909898511
0.026,0.1541012259256851,0.8198987740743149
0.025674984702820633,0.155,0.8193250152971794
0.025316247377449166,0.156,0.8186837526225508
0.025,0.15688867129901568,0.8181113287009842
0.024961039631983123,0.157,0.8180389603680168
0.024614035738892936,0.158,0.817385964261107
0.024269815963749365,0.159,0.8167301840362506
0.024,0.1597902954474961,0.8162097045525039
0.023929622669348918,0.16,0.816070377330651
0.023596870552475127,0.161,0.8154031294475248
0.02326682437682051,0.162,0.8147331756231795
0.023,0.1628151753593111,0.8141848246406889
0.02294055938838338,0.163,0.8140594406116166
0.02262172395152849,0.164,0.8133782760484715
0.02230551833491078,0.165,0.8126944816650892
0.022,0.1659742830387862,0.8120257169612137
0.021992080339196717,0.166,0.8120079196608032
0.02168683718877216,0.167,0.8113131628112278
0.021384149605807725,0.168,0.8106158503941923
0.02108400729309198,0.169,0.809915992706908
0.021,0.16928237478103272,0.8097176252189673
0.020790450307595246,0.17,0.8092095496924047
0.020500968425248848,0.171,0.8084990315747511
0.01756634356623487,0.182,0.8004336564337651
0.017078850833819964,0.184,0.7989211491661801
0.017,0.18432811192177015,0.7986718880782299
0.016841951347975125,0.185,0.7981580486520248
0.01660893888310917,0.186,0.7973910611168908
0.016378102521988895,0.187,0.796621897478011
0.016149435035715066,0.188,0.7958505649642849
0.016,0.18865984231658642,0.7953401576834136
0.01592466082724287,0.189,0.7950753391727572
0.015705353425472694,0.19,0.7942946465745273
0.015488150264020933,0.191,0.793511849735979
0.015273044624547151,0.192,0.7927269553754528
0.015060029885269619,0.193,0.7919399701147303
0.015,0.19328468658112485,0.7917153134188751
0.014852635186951043,0.194,0.7911473648130489
0.014648680143080739,0.195,0.7903513198569192
0.014446752627052585,0.196,0.7895532473729474
0.014246846484288575,0.197,0.7887531535157115
0.014048955648153045,0.198,0.7879510443518469
0.014,0.19825000707507154,0.7877499929249284
0.013856676259398707,0.199,0.7871433237406014
0.013667555175685615,0.2,0.7863324448243143
0.013480386991541237,0.201,0.7855196130084587
0.013295166068579412,0.202,0.7847048339314207
0.013111886848602948,0.203,0.7838881131513971
0.013,0.20361709206968504,0.783382907930315
0.012932332441192816,0.204,0.7830676675588072
0.01275754319891392,0.205,0.7822424568010862
0.012584633915127319,0.206,0.7814153660848727
0.012413599424813073,0.207,0.7805864005751869
0.012244434636136788,0.208,0.7797555653638633
0.012077134529515334,0.209,0.7789228654704847
0.012,0.2094663431206283,0.7785336568793717
0.01191409438939826,0.21,0.7780859056106018
0.011754958233389666,0.211,0.7772450417666104
0.011597625648915075,0.212,0.776402374351085
0.011442091972525265,0.213,0.7755579080274748
0.011288352606780303,0.214,0.7747116473932197
0.011136403019441504,0.215,0.7738635969805585
0.011,0.21590839327288416,0.7730916067271159
0.01098663562777274,0.216,0.7730133643722273
0.01084253372168964,0.217,0.7721574662783104
0.010700160723535464,0.218,0.7712998392764646
0.010559512424239494,0.219,0.7704404875757606
0.010420584674337562,0.22,0.7695794153256624
0.010283373383272268,0.221,0.7687166266167278
0.010147874518706938,0.222,0.7678521254812931
0.010014084105853069,0.223,0.766985915894147
0.01,0.22310666737030518,0.7668933326296948
0.00988563508734528,0.224,0.7661143649126547
0.009759271568707168,0.225,0.7652407284312929
0.009634555908498581,0.226,0.7643654440915014
0.009511484417049722,0.227,0.7634885155829503
0.00939005345735124,0.228,0.7626099465426488
0.009270259444470791,0.229,0.7617297405555292
0.009152098844980833,0.23,0.7608479011550192
0.009035568176397238,0.231,0.7599644318236027
0.009,0.2313096322279322,0.7596903677720678
0.008923297004140431,0.232,0.7590767029958596
0.008813778095541236,0.233,0.7581862219044587
0.008705828214258006,0.234,0.757294171785742
0.008599444129740938,0.235,0.7564005558702591
0.008494622658071006,0.236,0.755505377341929
0.008391360661472601,0.237,0.7546086393385274
0.008289655047835305,0.238,0.7537103449521647
0.008189502770244652,0.239,0.7528104972297553
0.00809090082652171,0.24,0.7519090991734783
0.008,0.24093661840539524,0.7510633815946047
0.007994068362341166,0.241,0.7510059316376588
0.007902006894048057,0.242,0.7500979931059519
0.007811434053033598,0.243,0.7491885659469664
0.007722347056573346,0.244,0.7482776529434266
0.007634743162884228,0.245,0.7473652568371157
0.0075486196707243575,0.246,0.7464513803292756
0.007463973919000479,0.247,0.7455360260809996
0.007380803286382535,0.248,0.7446191967136174
0.00729910519092536,0.249,0.7437008948090746
0.007218877089697399,0.25,0.7427811229103026
0.007140116478416172,0.251,0.7418598835215838
0.007062820891090402,0.252,0.7409371791089095
0.007,0.25282846606203135,0.7401715339379686
0.0069875054594629215,0.253,0.7400124945405371
0.00691609220661823,0.254,0.7390839077933817
0.006846081053590843,0.255,0.7381539189464091
0.006777469716548484,0.256,0.7372225302834515
0.006710255946689234,0.257,0.7362897440533107
0.006644437529930448,0.258,0.7353555624700695
0.006580012286603547,0.259,0.7344199877133964
0.006516978071154295,0.26,0.7334830219288457
0.0064553327718484465,0.261,0.7325446672281516
0.006395074310482851,0.262,0.7316049256895172
0.006336200642101803,0.263,0.7306637993578982
0.006278709754718502,0.264,0.7297212902452815
0.006222599669041676,0.265,0.7287774003309583
0.0061678684382070635,0.266,0.7278321315617929
0.0061145141475140025,0.267,0.726885485852486
0.0060625349141665225,0.268,0.7259374650858335
0.006011928887019568,0.269,0.7249880711129805
0.006,0.2692423566077548,0.7247576433922451
0.005964358911145937,0.27,0.7240356410888541
0.005918631142810585,0.271,0.7230813688571894
0.005874211745802961,0.272,0.722125788254197
0.005831099006269513,0.273,0.7211689009937304
0.005789291239288118,0.274,0.7202107087607119
0.005748786788647208,0.275,0.7192512132113528
0.005709584026629281,0.276,0.7182904159733707
0.005671681353798044,0.277,0.717328318646202
0.005635077198789679,0.278,0.7163649228012103
0.005599770018107849,0.279,0.7154002299818921
0.0055657582959224025,0.28,0.7144342417040775
0.005533040543871897,0.281,0.713466959456128
0.005501615300869686,0.282,0.7124983846991304
0.005471481132913613,0.283,0.7115285188670863
0.005442636632899295,0.284,0.7105573633671007
0.005415080420436755,0.285,0.7095849195795634
0.005388811141670655,0.286,0.7086111888583293
0.005363827469103675,0.287,0.7076361725308964
0.005340128101423445,0.288,0.7066598718985766
0.005317711763332569,0.289,0.7056822882366673
0.0052965772053819886,0.29,0.7047034227946181
0.0052767232038074055,0.291,0.7037232767961925
0.005258148560369004,0.292,0.7027418514396311
0.005240852102193986,0.293,0.701759147897806
0.0052248326816225045,0.294,0.7007751673183775
0.005210089176056159,0.295,0.6997899108239438
0.0051966204878098965,0.296,0.6988033795121902
0.005184425543966386,0.297,0.6978155744560337
0.005173503296233732,0.298,0.6968264967037663
0.005163852720805351,0.299,0.6958361472791947
0.005155472818223592,0.3,0.6948445271817765
0.005148362613244901,0.301,0.6938516373867551
0.005142521154709078,0.302,0.692857478845291
0.005137947515409764,0.303,0.6918620524845902
0.005134640791968972,0.304,0.6908653592080309
0.005132600104712988,0.305,0.6898673998952871
0.005131824597551826,0.306,0.6888681754024482
0.005132313437860511,0.307,0.6878676865621396
0.005134065816363405,0.308,0.6868659341836365
0.005137080947020561,0.309,0.6858629190529795
0.005141358066916944,0.31,0.6848586419330831
0.00514689643615363,0.311,0.6838531035638464
0.0051536953377418785,0.312,0.6828463046622582
0.005161754077499044,0.313,0.681838245922501
0.005171071983947324,0.314,0.6808289280160527
0.005181648408214316,0.315,0.6798183515917857
0.005193482723936409,0.316,0.6788065172760636
0.005206574327163691,0.317,0.6777934256728364
0.005220922636268007,0.318,0.6767790773637319
0.005236527091852171,0.319,0.6757634729081479
0.00525338715666245,0.32,0.6747466128433375
0.005271502315502077,0.321,0.6737284976844979
0.005290872075147992,0.322,0.672709127924852
0.0053114959642687086,0.323,0.6716885040357312
0.005333373533344975,0.324,0.670666626466655
0.005356504354592079,0.325,0.6696434956454078
0.005380888021884459,0.326,0.6686191119781155
0.005406524150682069,0.327,0.6675934758493178
0.00543341237795904,0.328,0.666566587622041
0.005461552362134037,0.329,0.6655384476378658
0.005490943783002788,0.33,0.6645090562169973
0.005521586341672404,0.331,0.6634784136583276
0.005553479760497757,0.332,0.6624465202395022
0.00558662378301969,0.333,0.6614133762169803
0.0056210181739050295,0.334,0.660378981826095
0.005656662718888704,0.335,0.6593433372811113
0.0056935572247174306,0.336,0.6583064427752825
0.005731701519095548,0.337,0.6572682984809044
0.0057710954506322975,0.338,0.6562289045493677
0.005811738888791401,0.339,0.6551882611112085
0.005853631723841882,0.34,0.6541463682761581
0.005896773866811159,0.341,0.6531032261331888
0.005941165249439518,0.342,0.6520588347505605
0.005986805824136696,0.343,0.6510131941758632
0.006,0.34328147176264967,0.6507185282373503
0.006035319294465477,0.344,0.6499646807055346
0.006085779711467781,0.345,0.6489142202885323
0.006137551663069173,0.346,0.6478624483369309
0.006190635275797298,0.347,0.6468093647242027
0.006245030698101197,0.348,0.6457549693018988
0.006300738100321715,0.349,0.6446992618996783
0.006357757674663778,0.35,0.6436422423253363
0.00641608963517059,0.351,0.6425839103648294
0.006475734217699373,0.352,0.6415242657823006
0.006536691679899092,0.353,0.6404633083201009
0.006598962301189714,0.354,0.6394010376988103
0.006662546382743414,0.355,0.6383374536172566
0.006727444247467339,0.356,0.6372725557525327
0.006793656239988306,0.357,0.6362063437600117
0.006861182726638866,0.358,0.6351388172733612
0.006930024095445572,0.359,0.6340699759045545
0.007,0.3599974246995062,0.6330025753004938
0.00700018860662699,0.36,0.632999811393373
0.00707476667311289,0.361,0.6319252333268871
0.007150721195964461,0.362,0.6308492788040355
0.007228052767217574,0.363,0.6297719472327824
0.007306762002061368,0.364,0.6286932379979386
0.007386849538842876,0.365,0.6276131504611572
0.007468316039073098,0.366,0.626531683960927
0.007551162187434995,0.367,0.625448837812565
0.00763538869179335,0.368,0.6243646113082066
0.007720996283206303,0.369,0.6232790037167937
0.007807985715938653,0.37,0.6221920142840613
0.007896357767477082,0.371,0.6211036422325229
