p1,p2,p3
0.28,0.37655441497785075,0.3434455850221492
0.2764992541593437,0.38,0.3435007458406564
0.27,0.38628393202722044,0.34371606797277954
0.2660494164241205,0.39,0.3439505835758795
0.26,0.3955965247692607,0.3444034752307393
0.25509258616665165,0.4,0.34490741383334833
0.25,0.40449914236884216,0.34550085763115784
0.24355748643644545,0.41,0.34644251356355454
0.24,0.4129935620420298,0.3470064379579702
0.23134786308575203,0.42,0.34865213691424796
0.23,0.4210766442098673,0.3489233557901327
0.22,0.4286652178471199,0.3513347821528801
0.21813309770154207,0.43,0.3518669022984579
0.21,0.4357370589768313,0.35426294102316874
0.20357262338067333,0.44,0.3564273766193266
0.2,0.4423396090439847,0.3576603909560153
0.19,0.44835981548521836,0.3616401845147817
0.186954395459263,0.45,0.36304560454073703
0.18,0.45369859574615456,0.3663014042538455
0.17,0.4583647387239237,0.37163526127607627
0.16572206032242567,0.46,0.37427793967757433
0.16,0.4621604255301623,0.3778395744698377
0.15,0.4649698689207594,0.38503013107924056
0.14,0.4666495177825142,0.3933504822174858
0.13,0.46691757115616606,0.40308242884383394
0.12,0.4654238798994788,0.4145761201005212
0.11,0.4617267259278941,0.4282732740721059
0.10725231846258827,0.46,0.43274768153741167
0.1,0.4549876405204154,0.4450123594795846
0.0951781473779125,0.45,0.45482185262208746
0.09,0.44409221940606125,0.4659077805939388
0.08741123057724881,0.44,0.47258876942275124
0.08165883290468652,0.43,0.48834116709531344
0.08,0.4268266360760168,0.49317336392398325
0.07730759197502489,0.42,0.5026924080249751
0.07372520133802189,0.41,0.5162747986619782
0.07050023650397867,0.4,0.5294997634960213
0.07,0.3982879645666405,0.5317120354333594
0.06813344444506333,0.39,0.5418665555549367
0.06611253854798821,0.38,0.5538874614520118
0.06431881685992985,0.37,0.5656811831400702
0.06274568269987296,0.36,0.5772543173001271
0.061387912533396365,0.35,0.5886120874666037
0.05821073988496325,0.28,0.6617892601150367
0.05846431136712112,0.27,0.6715356886328788
0.0588956282897372,0.26,0.6811043717102628
0.05951130582079766,0.25,0.6904886941792023
0.06,0.24396220185467557,0.6960377981453244
0.06040209887827032,0.24,0.6995979011217297
0.0616716361736186,0.23,0.7083283638263814
0.06320568544853494,0.22,0.716794314551465
0.06502009172427245,0.21,0.7249799082757276
0.06713366912961616,0.2,0.7328663308703838
0.06956875463199828,0.19,0.7404312453680018
0.07,0.18845662963643506,0.7415433703635649
0.0728853530500522,0.18,0.7471146469499479
0.08,0.16260028986708097,0.7573997101329191
0.08136922640279572,0.16,0.7586307735972042
0.08732135881904801,0.15,0.762678641180952
0.09,0.14601221733596417,0.7639877826640359
0.09479694249930497,0.14,0.7652030575006951
0.1,0.13422508603671088,0.7657749139632891
0.10448874557969437,0.13,0.7655112544203057
0.11,0.125420530110149,0.764579469889851
0.11765612919129191,0.12,0.7623438708087081
0.12,0.11854131270815048,0.7614586872918495
0.13,0.11324725563994031,0.7567527443600597
0.1372063568465781,0.11,0.7527936431534219
0.14,0.1089006308062481,0.7510993691937519
0.15,0.10558510748960775,0.7444148925103922
0.16,0.10280716375657627,0.7371928362434237
0.17,0.10051433332655745,0.7294856666734425
0.17279358959963076,0.1,0.7272064104003693
0.18,0.09885262219650146,0.7211473778034986
0.19,0.09761686716996441,0.7123831328300356
0.2,0.09670994178626797,0.703290058213732
0.21,0.09611132534256402,0.693888674657436
0.22,0.09580427688720512,0.6841957231127949
0.23,0.09577525129490286,0.6742247487050972
0.24,0.09601345159721167,0.6639865484027884
0.25,0.09651048588187691,0.6534895141181231
0.26,0.09726010611287413,0.6427398938871258
0.27,0.0982580125926694,0.6317419874073306
0.28,0.09950171238010878,0.6204982876198912
0.28336600833713976,0.1,0.6166339916628603
0.29,0.10117199924264729,0.6088280007573527
0.3,0.10323099532536764,0.5967690046746323
0.31,0.105593891014083,0.5844061089859169
0.32,0.1082684165457108,0.5717315834542891
0.3258092827876258,0.11,0.5641907172123742
0.33,0.11151011897796206,0.5584898810220379
0.34,0.11550441771125548,0.5444955822887444
0.35,0.11994666339766503,0.530053336602335
0.35011033901360017,0.12,0.5298896609863998
0.36,0.1259117799882409,0.5140882200117591
0.36619056980502046,0.13,0.5038094301949795
0.37,0.13319182449551648,0.49680817550448353
0.37739108341645966,0.14,0.4826089165835403
0.38,0.1431843883584175,0.4768156116415825
0.3850980787521266,0.15,0.46490192124787344
0.39,0.15939292830986979,0.4506070716901302
0.39029004296956193,0.16,0.44970995703043803
0.3933528325572782,0.17,0.4366471674427218
0.3948323940515331,0.18,0.425167605948467
0.3949763151963073,0.19,0.4150236848036927
0.39399396163321126,0.2,0.40600603836678867
0.3920638207070615,0.21,0.39793617929293856
0.39,0.2175037560453161,0.39249624395468385
0.38930440243534425,0.22,0.39069559756465577
0.3857394646495447,0.23,0.38426053535045535
0.3815985359351934,0.24,0.37840146406480657
0.38,0.24337698155347404,0.37662301844652596
0.37682419233903336,0.25,0.3731758076609666
0.37156448760377603,0.26,0.36843551239622396
0.37,0.2627253294632099,0.3672746705367901
0.3657682552912251,0.27,0.36423174470877484
0.36,0.2793776095312064,0.36062239046879363
0.3596116919633193,0.28,0.36038830803668065
0.3529320483523279,0.29,0.3570679516476721
0.35,0.29420235016714114,0.3557976498328589
0.3458953896936404,0.3,0.3541046103063596
0.34,0.30802449276173893,0.351975507238261
0.3385256660420116,0.31,0.3514743339579884
0.3307739452735599,0.32,0.34922605472644014
0.33,0.3209622501683887,0.34903774983161123
0.32261202083589435,0.33,0.34738797916410563
0.32,0.3331123008596325,0.34688769914036743
0.3141171591237754,0.34,0.3458828408762245
