p1,p2,p3
0.0882149487093518,0.304,0.6077850512906482
0.08807548658882065,0.303,0.6089245134111794
0.088,0.30243275919465373,0.6095672408053463
0.08794340907169407,0.302,0.610056590928306
0.0878188580397369,0.301,0.6111811419602631
0.08770063981237686,0.3,0.6122993601876232
0.08758872660412338,0.299,0.6134112733958765
0.0874830910634224,0.298,0.6145169089365776
0.08738370626780498,0.297,0.615616293732195
0.0872905457191339,0.296,0.6167094542808662
0.08720358333894752,0.295,0.6177964166610526
0.08712279346389658,0.294,0.6188772065361035
0.08704815084127719,0.293,0.6199518491587228
0.087,0.29229766758792675,0.6207023324120733
0.08697993625956471,0.292,0.6210200637404353
0.08691844809973723,0.291,0.6220815519002627
0.08686293930050565,0.29,0.6231370606994944
0.0868133871425942,0.289,0.6241866128574058
0.08676976928146492,0.288,0.6252302307185351
0.08673206374361843,0.287,0.6262679362563817
0.08670024892297162,0.286,0.6272997510770284
0.0866743035773138,0.285,0.6283256964226862
0.08665420682483758,0.284,0.6293457931751625
0.08663993814074603,0.283,0.630360061859254
0.08663147735393263,0.282,0.6313685226460675
0.08662880464373478,0.281,0.6323711953562652
0.08663190053675876,0.28,0.6333680994632412
0.08664074590377585,0.279,0.6343592540962241
0.08665532195668772,0.278,0.6353446780433123
0.08667561024556154,0.277,0.6363243897544384
0.08670159265573245,0.276,0.6372984073442676
0.08673325140497377,0.275,0.6382667485950262
0.08677056904073288,0.274,0.6392294309592671
0.08681352843743319,0.273,0.6401864715625668
0.08686211279384061,0.272,0.6411378872061594
0.08691630563049359,0.271,0.6420836943695064
0.08697609078719713,0.27,0.6430239092128028
0.087,0.2696345973403771,0.6433654026596229
0.08704205558388574,0.269,0.6439579444161142
0.08711400701299891,0.268,0.6448859929870011
0.08719158063763469,0.267,0.6458084193623653
0.08727476090699465,0.266,0.6467252390930054
0.08736353258838919,0.265,0.6476364674116107
0.08745788076494543,0.264,0.6485421192350546
0.08755779083337706,0.263,0.6494422091666229
0.08766324850181453,0.262,0.6503367514981855
0.08777423978769609,0.261,0.6512257602123039
0.08789075101571867,0.26,0.6521092489842814
0.088,0.25910480470764335,0.6528951952923567
0.08801295193096643,0.259,0.6529870480690335
0.08814228806652859,0.258,0.6538577119334714
0.08827717640121428,0.257,0.6547228235987858
0.08841760390435541,0.256,0.6555823960956446
0.08856355785263371,0.255,0.6564364421473663
0.08871502582825025,0.254,0.6572849741717497
0.08887199571715415,0.253,0.6581280042828458
0.089,0.25221236640134004,0.65878763359866
0.08903494553746721,0.252,0.6589650544625327
0.08920526619370306,0.251,0.6597947338062969
0.0893811227895498,0.25,0.6606188772104502
0.08956250389043564,0.249,0.6614374961095644
0.08974939836650381,0.248,0.6622506016334961
0.08994179539106896,0.247,0.6630582046089311
0.09,0.24670621772365509,0.663293782276345
0.09014165680403285,0.246,0.6638583431959671
0.09034789025892685,0.245,0.6646521097410731
0.09055966194272853,0.244,0.6654403380572714
0.09077696174418574,0.243,0.6662230382558143
0.09099977985697882,0.242,0.6670002201430212
0.091,0.24199903744316448,0.6670009625568356
0.09123131206548031,0.241,0.6677686879345197
0.09146841217636811,0.24,0.6685315878236319
0.09171106772688539,0.239,0.6692889322731146
0.09195926966200174,0.238,0.6700407303379983
0.092,0.23783970431001544,0.6701602956899846
0.09221599358158372,0.237,0.6707840064184163
0.09247888246779891,0.236,0.6715211175322011
0.09274735602003474,0.235,0.6722526439799653
0.093,0.2340782305945277,0.6729217694054723
0.0930217055723222,0.234,0.6729782944276779
0.09330522966352708,0.233,0.673694770336473
0.09359437747679748,0.232,0.6744056225232026
0.09388914124840769,0.231,0.6751108587515923
0.094,0.2306313203425661,0.675368679657434
0.09419215850337856,0.23,0.6758078414966214
0.09450238952462564,0.229,0.6764976104753744
0.09481827694189789,0.228,0.6771817230581021
0.095,0.22743524560896078,0.6775647543910392
0.09514176344128167,0.227,0.6778582365587184
0.09547349319755864,0.226,0.6785265068024414
0.09581092074289681,0.225,0.6791890792571033
0.096,0.22444936064230062,0.6795506393576994
0.0961561859246968,0.224,0.6798438140753033
0.0965098368158569,0.223,0.6804901631841431
0.09686922792851593,0.222,0.6811307720714841
0.097,0.2216422368662903,0.6813577631337098
0.09723761619812056,0.221,0.6817623838018795
0.09761361780627421,0.22,0.6823863821937258
0.09799540319706229,0.219,0.6830045968029378
0.098,0.21898815939719535,0.6830118406028047
0.09838829518632017,0.218,0.6836117048136798
0.09878708460331977,0.217,0.6842129153966803
0.099,0.21647421953869872,0.6845257804613013
0.09919437305358016,0.216,0.6848056269464199
0.09961051646280931,0.215,0.6853894835371908
0.1,0.21407722647201238,0.6859227735279876
0.10003299253554739,0.214,0.6859670074644526
0.10046684577700916,0.213,0.6865331542229909
0.10090662830949078,0.212,0.6870933716905092
0.101,0.21179080093284103,0.6872091990671589
0.10135724883962902,0.211,0.687642751160371
0.10181515393734848,0.21,0.6881848460626515
0.102,0.20960194942744662,0.6883980505725534
0.10228293228162788,0.209,0.6887170677183722
0.10275932834096235,0.208,0.6892406716590377
0.103,0.2075015689213698,0.6894984310786302
0.10324513415382809,0.207,0.689754865846172
0.10374039591566396,0.206,0.6902596040843361
0.104,0.20548263371387301,0.690517366286127
0.10424512504903062,0.205,0.6907548749509694
0.10475963375894652,0.204,0.6912403662410536
0.105,0.20353878060943262,0.6914612193905674
0.1052842092656322,0.203,0.6917157907343678
0.10581835283930122,0.202,0.6921816471606987
0.106,0.2016642323784787,0.6923357676215214
0.10636372601483983,0.201,0.6926362739851601
0.10691789920890882,0.2,0.6930821007910912
0.107,0.19985373154258182,0.6931462684574182
0.10748505067368534,0.199,0.6935149493263146
0.108,0.19810399474145685,0.6938960052585432
0.10806049917648658,0.198,0.6939395008235134
0.10864959608616012,0.197,0.69435040391384
0.109,0.19641198537489096,0.6945880146251091
0.10924851484544204,0.196,0.694751485154558
0.10985881391490247,0.195,0.6951411860850976
0.11,0.19477140022258196,0.695228599777418
0.11048227147206194,0.194,0.6955177285279381
0.111,0.19318099848515358,0.6958190015148464
0.11111582567196485,0.193,0.6958841743280351
0.11176329487774668,0.192,0.6962367051222533
0.112,0.19163850633811216,0.6963614936618878
0.11242324481481202,0.191,0.696576755185188
0.113,0.19013929152468448,0.6968607084753156
0.11309449255573222,0.19,0.6969055074442678
0.11378066640946993,0.189,0.6972193335905301
0.114,0.18868383954406825,0.6973161604559317
0.11448028300545654,0.188,0.6975197169945435
0.115,0.1872678417894478,0.6977321582105522
0.11519248858865094,0.187,0.6978075114113491
0.11591896336599858,0.186,0.6980810366340013
0.116,0.1858896765964327,0.6981103234035673
0.11666163654319055,0.185,0.6983383634568094
0.117,0.18454974233348367,0.6984502576665164
0.11741828820795211,0.184,0.6985817117920479
0.118,0.1832433779228248,0.6987566220771753
0.11818946343342883,0.183,0.6988105365665711
0.11897607891962715,0.182,0.6990239210803728
0.119,0.18196991565497259,0.6990300843450274
0.1197809082398614,0.181,0.6992190917601386
0.12,0.18073064543980064,0.6992693545601993
0.12060180634910303,0.18,0.6993981936508971
0.121,0.17952144799044695,0.699478552009553
0.12143938769647789,0.179,0.6995606123035221
0.122,0.1783413862846369,0.6996586137153631
0.12229428880228435,0.178,0.6997057111977156
0.123,0.17718955398818834,0.6998104460118116
0.12316716931198911,0.177,0.6998328306880108
0.124,0.17606507423472928,0.6999349257652707
0.12405871310769116,0.176,0.699941286892309
0.12497008482000181,0.175,0.7000299151799982
0.125,0.1749675043960481,0.7000324956039519
0.12590215287200152,0.174,0.7000978471279986
0.126,0.17389609632693195,0.7001039036730681
0.1268547895041249,0.173,0.7001452104958752
0.127,0.1728492625864147,0.7001507374135854
0.12782877034782467,0.172,0.7001712296521754
0.128,0.1718262473485068,0.7001737526514932
0.1288249007452875,0.171,0.7001750992547124
0.129,0.17082631827437314,0.7001736817256269
0.12984401722487562,0.17,0.7001559827751244
0.13,0.16984876562000392,0.700151234379996
0.13088698906209514,0.169,0.7001130109379048
0.131,0.16889290138278826,0.7001070986172118
0.1319547199320086,0.168,0.7000452800679914
0.132,0.16795805848502712,0.7000419415149729
0.133,0.16704411273329514,0.6999558872667049
0.13304892221013287,0.167,0.6999510777898671
0.134,0.16615064510892563,0.6998493548910744
0.13417097516348767,0.166,0.6998290248365123
0.135,0.16527653105876197,0.699723468941238
0.13532120210732854,0.165,0.6996787978926714
0.136,0.16442116991090858,0.6995788300890914
0.13650069154088132,0.164,0.6994993084591187
0.137,0.16358397877591566,0.6994160212240843
0.13771057807655382,0.163,0.6992894219234461
0.138,0.16276439189551664,0.6992356081044834
0.1389520449242691,0.162,0.6990479550757308
0.139,0.16196186001842014,0.6990381399815798
0.14,0.16117790613322788,0.6988220938667721
0.14023016805380042,0.161,0.6987698319461996
0.141,0.1604105682385293,0.6985894317614707
0.1415438621128021,0.16,0.6984561378871978
0.142,0.15965888752512702,0.698341112474873
0.14289370624331868,0.159,0.6981062937566813
0.143,0.1589223677775637,0.6980776322224362
0.144,0.15820284708833338,0.6977971529116667
0.14428610202784836,0.158,0.6977138979721517
0.145,0.15749857538832876,0.6975014246116712
0.14572028590442548,0.157,0.6972797140955744
0.146,0.15680818867027385,0.6971918113297262
0.147,0.15613274740561486,0.6968672525943851
0.14719960086618172,0.156,0.6968003991338182
0.148,0.15547263932874458,0.6965273606712554
0.14872819250862843,0.155,0.6962718074913715
0.149,0.1548252189340789,0.6961747810659211
0.15,0.15419224137138066,0.6958077586286193
0.15030857242657,0.154,0.6956914275734299
0.151,0.15357323488739844,0.6954267651126016
0.15194318915804603,0.153,0.6950568108419539
0.152,0.15296579191213985,0.6950342080878601
0.153,0.15237372445729083,0.6946262755427092
0.15364133598078372,0.152,0.6943586640192162
0.154,0.1517929285204921,0.6942070714795079
0.155,0.1512251675965031,0.6937748324034969
0.15540334038256423,0.151,0.6935966596174358
0.156,0.15066998776518567,0.6933300122348143
0.157,0.15012608409715683,0.6928739159028432
0.15723596456891478,0.15,0.6927640354310852
0.158,0.14959551844862826,0.6924044815513717
0.159,0.14907503217739762,0.6919249678226024
0.1591468490367291,0.149,0.6918531509632708
0.16,0.1485681067929307,0.6914318932070693
0.161,0.1480706071310699,0.6909293928689301
0.16114466241203407,0.148,0.6908553375879659
0.162,0.1475863751314455,0.6904136248685544
0.163,0.14711144003680107,0.6898885599631989
0.1632392828823474,0.147,0.6897607171176525
0.164,0.14664898065747317,0.6893510193425267
0.165,0.1461961965231332,0.6888038034768668
0.16544201928898,0.146,0.6885579807110199
0.166,0.14575461422691532,0.6882453857730846
0.167,0.14532357558656175,0.6876764244134382
0.16776588238585144,0.145,0.6872341176141485
0.168,0.14490199921187094,0.687098000788129
0.169,0.14449230845955677,0.6865076915404432
0.17,0.14409090292194784,0.6859090970780521
0.17023158355405055,0.144,0.6857684164459494
0.171,0.14370115752583298,0.685298842474167
0.172,0.14332063976427725,0.6846793602357228
0.174,0.14258890412601924,0.6834110958739809
0.176,0.14189452463339874,0.6821054753666014
0.178,0.14123902159386806,0.680760978406132
0.18,0.1406201906281449,0.6793798093718552
0.182,0.14003614208402027,0.6779638579159798
0.1821293142093653,0.14,0.6778706857906347
0.183,0.13975891078983724,0.6772410892101627
0.184,0.13949005796542735,0.6765099420345727
0.185,0.13922918748463414,0.6757708125153659
0.18590647480212558,0.139,0.6750935251978745
0.186,0.1389765735572444,0.6750234264427557
0.187,0.13873444658804127,0.6742655534119587
0.188,0.13850025117812217,0.6734997488218779
0.189,0.13827399709623492,0.672726002903765
0.19,0.1380556947162874,0.6719443052837126
0.19026516306307006,0.138,0.6717348369369299
0.191,0.13784709845203247,0.6711529015479675
0.192,0.13764702322746622,0.6703529767725338
0.193,0.13745485406487234,0.6695451459351276
0.194,0.137270603109259,0.6687293968907411
0.195,0.13709428310176375,0.6679057168982362
0.1955604374480491,0.137,0.6674395625519509
0.196,0.1369267471612324,0.6670732528387676
0.197,0.13676815369261142,0.6662318463073885
0.198,0.13661745024741725,0.6653825497525828
0.199,0.13647465125955735,0.6645253487404426
0.2,0.13633977175274511,0.6636602282472549
0.201,0.13621282734239198,0.662787172657608
0.202,0.1360938342376597,0.6619061657623404
0.20284542129624053,0.136,0.6611545787037595
0.203,0.1359830060019118,0.6610169939980881
0.204,0.1358811489184743,0.6601188510815257
0.205,0.13578720859997012,0.6592127914000299
0.206,0.13570120286842693,0.6582987971315731
0.207,0.13562315013684123,0.6573768498631588
0.208,0.13555306941193732,0.6564469305880627
0.209,0.13549098029707934,0.6555090197029207
0.21,0.13543690299533698,0.6545630970046631
0.211,0.13539085831270445,0.6536091416872956
0.212,0.13535286766147414,0.6526471323385259
0.213,0.1353229530637664,0.6516770469362336
0.214,0.13530113715521477,0.6506988628447853
0.215,0.13528744318880906,0.649712556811191
0.216,0.1352818950388963,0.6487181049611037
0.217,0.13528451720534182,0.6477154827946582
0.218,0.13529533481785,0.64670466518215
0.219,0.13531437364044813,0.6456856263595518
0.22,0.13534166007613285,0.6446583399238672
0.221,0.1353772211716814,0.6436227788283186
0.222,0.13542108462262994,0.6425789153773701
0.223,0.13547327877841933,0.6415267212215807
0.224,0.13553383264771082,0.6404661673522892
0.225,0.13560277590387326,0.6393972240961268
0.226,0.1356801388906443,0.6383198611093557
0.227,0.1357659526279663,0.6372340473720337
0.228,0.13586024881800082,0.6361397511819992
0.229,0.13596305985132157,0.6350369401486784
0.2293321973528607,0.136,0.6346678026471393
0.23,0.13607533673492897,0.633924663265071
0.231,0.13619676273781653,0.6328032372621835
0.232,0.13632691911019829,0.6316730808898017
0.233,0.13646584236367418,0.6305341576363258
0.234,0.1366135697560778,0.6293864302439223
0.235,0.136770139299239,0.628229860700761
0.236,0.1369355897669555,0.6270644102330445
0.2363699069941528,0.137,0.6266300930058472
0.237,0.13711135032977734,0.6258886496702227
0.238,0.13729700841898002,0.62470299158102
0.239,0.1374917947435251,0.6235082052564749
0.24,0.13769575274436427,0.6223042472556357
0.241,0.13790892669616184,0.6210910733038382
0.24140999672293498,0.138,0.620590003277065
0.242,0.13813305543649498,0.619866944563505
0.243,0.13836779789075837,0.6186322021092416
0.244,0.13861203144640588,0.6173879685535941
0.245,0.13886580556301692,0.6161341944369831
0.2455101330779379,0.139,0.6154898669220621
0.246,0.13913086650922532,0.6148691334907747
0.247,0.13940747256621872,0.6135925274337812
0.248,0.13969392083925125,0.6123060791607488
0.249,0.13999026649377072,0.6110097335062292
0.24903185345761208,0.14,0.6109681465423878
0.25,0.1403005329584227,0.6096994670415773
0.251,0.1406210973662772,0.6083789026337227
0.252,0.14095189025395247,0.6070481097460475
0.2521413562572761,0.141,0.6068586437427239
0.253,0.14129695751734184,0.6057030424826582
0.254,0.1416531977245197,0.6043468022754803
0.2549455447405356,0.142,0.6030544552594644
0.255,0.14202030073370597,0.602979699266294
0.256,0.14240300412293358,0.6015969958770664
0.257,0.14279660964061822,0.6002033903593817
0.25750338467794814,0.143,0.5994966153220518
0.258,0.1432040135069156,0.5987959864930844
0.259,0.1436255016130498,0.5973744983869502
0.25986560146730997,0.144,0.59613439853269
0.26,0.144059136262483,0.595940863737517
0.261,0.14450968614601073,0.5944903138539892
0.262,0.14497191587012268,0.5930280841298773
0.2620594064694155,0.145,0.5929405935305845
0.263,0.14545238253231735,0.5915476174676826
0.264,0.14594532389312645,0.5900546761068736
0.26410852584759786,0.146,0.5898914741524021
0.265,0.1464570673791004,0.5885429326208996
0.266,0.14698209815510774,0.5870179018448922
0.26603339389969677,0.147,0.5869666061003032
0.267,0.1475275012597486,0.5854724987402514
0.2678462572456512,0.148,0.5841537427543487
0.268,0.14808740777876347,0.5839125922212365
0.269,0.14866775874384128,0.5823322412561587
0.26956032208241115,0.149,0.5814396779175888
0.27,0.14926555550074086,0.5807344444992592
0.271,0.14988226231571153,0.5791177376842884
0.2711871841436389,0.15,0.5788128158563611
0.272,0.15052095228490867,0.5774790477150913
0.2727321556144417,0.151,0.5762678443855582
0.273,0.15117862689042852,0.5758213731095715
0.274,0.15185869291519,0.57414130708481
0.2742038674815463,0.152,0.5737961325184536
0.275,0.1525626760168159,0.5724373239831841
0.2756068134101873,0.153,0.5713931865898128
0.276,0.15328903151295128,0.5707109684870487
0.27694883799599646,0.154,0.5690511620040035
0.277,0.15403911571392684,0.5689608842860732
0.278,0.15481750034986366,0.5671824996501363
0.27823020387277125,0.155,0.5667697961272287
0.279,0.15562296208575718,0.5653770379142428
0.27945752196849066,0.156,0.5645424780315093
0.28,0.15645651265313376,0.5635434873468662
0.28063441369594194,0.157,0.562365586304058
0.281,0.15731994285534437,0.5616800571446556
0.283,0.15914436015955097,0.5578556398404491
0.285,0.1611137961738516,0.5538862038261485
0.287,0.16324908525876344,0.5497509147412366
0.289,0.1655751132551475,0.5454248867448526
0.291,0.1681245449941806,0.5408754550058195
0.293,0.17094718704692474,0.5360528129530753
0.2936919700044292,0.172,0.5343080299955709
0.29493440581265956,0.174,0.5310655941873406
0.295,0.17411075715788898,0.530889242842111
0.29608374796387604,0.176,0.527916252036124
0.297,0.1777168858856953,0.5252831141143047
0.2971461693604081,0.178,0.524853830639592
0.2981269901948214,0.18,0.5218730098051787
0.299,0.18193020019367664,0.5190697998063234
0.2990305565243095,0.182,0.5189694434756906
0.2998596135910309,0.184,0.5161403864089691
0.3006184063713387,0.186,0.5133815936286614
0.301,0.18707695358741222,0.5119230464125879
0.30131087050432226,0.188,0.5106891294956777
0.301939875849529,0.19,0.508060124150471
0.3025058505707025,0.192,0.5054941494292975
0.303,0.19393967283351207,0.503060327166488
0.3030147547245976,0.194,0.5029852452754024
0.3034647807686134,0.196,0.5005352192313866
0.3036697927086328,0.197,0.4993302072913672
0.30386169068679836,0.198,0.49813830931320163
0.304,0.1987723245059291,0.4972276754940709
0.3040402837368569,0.199,0.4969597162631431
0.3042049986273927,0.2,0.4957950013726073
0.30435719701059005,0.201,0.49464280298940994
0.30449703283062585,0.202,0.4935029671693742
0.3046246580659523,0.203,0.4923753419340477
0.30474022276023394,0.204,0.4912597772397661
0.30484387505270416,0.205,0.4901561249472959
0.3049357612079519,0.206,0.4890642387920481
0.305,0.20679981597520286,0.4882001840247972
0.3050158903901141,0.207,0.4879841096098859
0.30508409692694605,0.208,0.486915903073054
0.30514106322199597,0.209,0.48585893677800407
0.30518692644398737,0.21,0.48481307355601266
0.3052218220609442,0.211,0.48377817793905586
0.30524588386620566,0.212,0.4827541161337944
0.3052592440039679,0.213,0.48174075599603217
0.3052620329943633,0.214,0.48073796700563676
0.305254379758086,0.215,0.47974562024191403
0.30523641164057586,0.216,0.4787635883594241
0.30520825443576777,0.217,0.4777917455642323
0.3051700324094176,0.218,0.4768299675905825
0.30512186832201244,0.219,0.47587813167798754
0.305063883451275,0.22,0.47493611654872503
0.305,0.22094365313231637,0.4740563468676837
0.3049961663347199,0.221,0.4740038336652802
0.3049182638674859,0.222,0.47308173613251414
0.30483082129292366,0.223,0.4721691787070764
0.3047339556476583,0.224,0.47126604435234176
0.3046277825667619,0.225,0.4703722174332382
0.3045124163044558,0.226,0.4694875836955442
0.3043879697544542,0.227,0.46861203024554576
0.30425455446995436,0.228,0.4677454455300456
0.3041122806832829,0.229,0.46688771931671713
0.304,0.22974285715102827,0.4662571428489717
0.30396094242932453,0.23,0.46603905757067543
0.3037999832009532,0.231,0.46520001679904677
0.30363042545437896,0.232,0.4643695745456211
0.3034523756157956,0.233,0.4635476243842044
0.3032659388615228,0.234,0.46273406113847715
0.303,0.23535028044810422,0.4616497195518958
0.30286725406975534,0.236,0.46113274593024467
0.3024338620287467,0.238,0.45956613797125323
0.30196847883570943,0.24,0.4580315211642906
0.30146840731756025,0.242,0.4565315926824398
0.301,0.24376875367698622,0.4552312463230138
0.30093745115187226,0.244,0.4550625488481277
0.3003728705770915,0.246,0.4536271294229085
0.2997774394746313,0.248,0.4522225605253687
0.29915046704362763,0.25,0.4508495329563724
0.299,0.2504636763334329,0.45053632366656715
0.29849163323589556,0.252,0.44950836676410444
0.2978027462269369,0.254,0.4481972537730631
0.29708314652408097,0.256,0.44691685347591903
0.297,0.25622440340239516,0.4467755965976049
0.29633216121728206,0.258,0.445667838782718
0.29555139210740666,0.26,0.44444860789259333
0.295,0.26136813846384843,0.44363186153615164
0.2947408477662127,0.262,0.4432591522337873
0.29390053243541364,0.264,0.4420994675645864
0.2930301963080515,0.266,0.4409698036919485
0.293,0.26606781376916133,0.44093218623083874
0.2921295081202144,0.268,0.43987049187978555
0.29119927456733574,0.27,0.43880072543266424
0.291,0.2704195851000462,0.43858041489995386
0.29023948599662736,0.272,0.4377605140033727
0.2892501285005009,0.274,0.43674987149949906
0.289,0.27449578428214194,0.43650421571785814
0.28823118390539526,0.276,0.4357688160946047
0.28718262975788317,0.278,0.43481737024211675
0.287,0.2783419838350881,0.43465801616491195
0.28610443930805524,0.28,0.4338955606919448
0.285,0.28199383978806036,0.4330061602119397
0.28499655213059705,0.282,0.433003447869403
0.2844301514564332,0.283,0.4325698485435669
0.284,0.2837525252841848,0.43224747471581515
0.2838578042542216,0.284,0.43214219574577845
0.28327706197381325,0.285,0.43172293802618683
0.283,0.2854724808531873,0.43152751914681275
0.2826890443656864,0.286,0.4313109556343136
0.282094073220346,0.287,0.43090592677965395
0.282,0.2871564808480811,0.4308435191519189
0.2814902239714298,0.288,0.43050977602857016
0.281,0.28880430832709486,0.4301956916729051
0.2808800931005652,0.289,0.43011990689943475
0.28026129003274847,0.29,0.42973870996725155
0.28,0.29041850281030557,0.4295814971896944
0.2796350071038838,0.291,0.42936499289611624
0.27900218492918194,0.292,0.4289978150708181
0.279,0.2920034182733788,0.4289965817266212
0.27835957477632267,0.293,0.42864042522367735
0.278,0.29355512797573496,0.428444872024265
0.2777102809306081,0.294,0.4282897190693919
0.2770537290911485,0.295,0.42794627090885146
0.277,0.29508108170550307,0.4279189182944969
0.2763877590768528,0.296,0.42761224092314715
0.276,0.29657757315207894,0.42742242684792103
0.2757148411694774,0.297,0.4272851588305226
0.27503456199845955,0.298,0.42696543800154046
0.275,0.2980503554373237,0.42694964456267626
0.2743445988238156,0.299,0.42665540117618445
0.274,0.29949565635220704,0.42650434364779294
0.2736474056079735,0.3,0.4263525943920265
0.273,0.30091933618075767,0.4260806638192423
0.2729428759418442,0.301,0.4260571240581558
0.2722287699263278,0.302,0.4257712300736723
0.272,0.30231800881994125,0.4256819911800587
0.271506609679012,0.303,0.42549339032098804
0.271,0.3036953781259508,0.42530462187404916
0.270776802825232,0.304,0.42522319717476803
0.27003886372071034,0.305,0.4249611362792897
0.27,0.3050522495608054,0.4249477504391946
0.2692910016719613,0.306,0.4247089983280387
0.269,0.30638637540637237,0.4246136245936276
0.2685351616627861,0.307,0.4244648383372139
0.268,0.30770174638347314,0.42429825361652684
0.2677712148722777,0.308,0.4242287851277223
0.267,0.3089987489741187,0.42400125102588127
0.2669990282666647,0.309,0.42400097173333523
0.2662163610729991,0.31,0.42378363892700094
0.266,0.31027465794730547,0.4237253420526945
0.26542521310353595,0.311,0.42357478689646405
0.265,0.3115331651951983,0.4234668348048017
0.26462544955594985,0.312,0.4233745504440501
0.264,0.31277462386759597,0.423225376132404
0.2638169215573124,0.313,0.4231830784426876
0.263,0.3139993619698561,0.42300063803014387
0.2629994752497062,0.314,0.42300052475029376
0.2621712348097626,0.315,0.4228287651902373
0.262,0.3152054799346792,0.4227945200653208
0.26133381048320387,0.316,0.4226661895167961
0.261,0.3163957004092406,0.4226042995907594
0.26048704070163176,0.317,0.42251295929836824
0.26,0.31757031962343785,0.42242968037656214
0.2596307530453566,0.318,0.42236924695464345
0.259,0.3187296178326789,0.4222703821673211
0.2587647691704421,0.319,0.4222352308295579
0.258,0.3198738665233117,0.4221261334766883
0.25788890455843094,0.32,0.42211109544156905
0.25700293757783493,0.321,0.4219970624221651
0.257,0.3210032949336784,0.4219967050663216
0.25610564942271585,0.322,0.42189435057728414
0.256,0.3221170674021894,0.42188293259781057
0.2551979779544297,0.323,0.4218020220455702
0.255,0.3232167154604731,0.4217832845395269
0.25427971589866055,0.324,0.4217202841013395
0.254,0.32430247270912016,0.42169752729087984
0.25335064859922485,0.325,0.42164935140077514
0.253,0.32537456571374285,0.42162543428625715
0.2524105536923093,0.326,0.42158944630769063
0.252,0.32643321425266486,0.42156678574733514
0.2514592007631104,0.327,0.42154079923688953
0.251,0.3274786315539566,0.4215213684460434
0.2504963509837554,0.328,0.42150364901624454
0.25,0.3285110245223421,0.4214889754776579
0.24952175673130442,0.329,0.4214782432686956
0.249,0.32953059395647644,0.42146940604352356
0.24853516118454383,0.33,0.4214648388154561
0.248,0.33053753475706266,0.42146246524293735
0.24753629789818407,0.331,0.4214637021018159
0.247,0.33153203612624993,0.4214679638737501
0.24652489035296998,0.332,0.42147510964703
0.246,0.3325142817587338,0.4214857182412662
0.2455006514801016,0.333,0.4214993485198984
0.245,0.3334844500249545,0.4215155499750455
0.24446328315823385,0.334,0.42153671684176613
0.244,0.33444271414676546,0.42155728585323454
0.24341247568119553,0.335,0.4215875243188045
0.243,0.33538924236592876,0.42161075763407124
0.24234790719441782,0.336,0.4216520928055822
0.242,0.33632419810577147,0.42167580189422854
0.2412692430979054,0.337,0.42173075690209455
0.241,0.3372477401263198,0.4217522598736802
0.24017613541340907,0.338,0.4218238645865909
0.24,0.33816002267321194,0.4218399773267881
0.23906822211327058,0.339,0.42193177788672936
0.239,0.33906119562067505,0.42193880437932496
0.238,0.3399509688159714,0.4220490311840286
0.23794443639433682,0.34,0.42205556360566315
0.237,0.340829283698955,0.422170716301045
0.2368039958216452,0.341,0.42219600417835473
0.236,0.34169683310928095,0.42230316689071906
0.23564732764870008,0.342,0.42235267235129986
0.235,0.342553753486845,0.422446246513155
0.23447399241514763,0.343,0.4225260075848523
0.234,0.34340017743064777,0.42259982256935225
0.23328353172956176,0.344,0.4227164682704383
0.233,0.3442362338157075,0.4227637661842925
0.23207546724195857,0.345,0.4229245327580414
0.232,0.34506204790545036,0.42293795209454965
0.231,0.34587668382235365,0.42312331617764637
0.23084724237431542,0.346,0.4231527576256846
0.23,0.3466807115618346,0.4233192884381654
0.22959904462648364,0.347,0.4234009553735164
0.229,0.34747478859168646,0.42352521140831356
0.22833132783753707,0.348,0.42366867216246296
0.228,0.3482590288932934,0.4237409711067066
0.22704350144379265,0.349,0.42395649855620743
0.227,0.3490335432570782,0.4239664567429218
0.226,0.34979673421567664,0.4242032657843234
0.22573108922669338,0.35,0.42426891077330664
0.225,0.35055007063448695,0.42444992936551307
0.224396248764989,0.351,0.42460375123501104
0.224,0.3512939416648487,0.42470605833515135
0.22303890073694582,0.352,0.42496109926305425
0.223,0.3520284480051732,0.42497155199482683
0.222,0.35275163630062745,0.4252483636993726
0.22165304925156548,0.353,0.42534695074843454
0.221,0.3534653663864774,0.4255346336135226
0.22024205422500082,0.354,0.42575794577499926
0.22,0.3541699706802,0.4258300293198
0.219,0.3548644313681859,0.4261355686318141
0.21880253046733103,0.355,0.426197469532669
0.218,0.3555484926966954,0.4264515073033046
0.21733224726905673,0.356,0.42666775273094326
0.217,0.3562236530819415,0.42677634691805855
0.216,0.35688909876026764,0.4271109012397324
0.21583126646785272,0.357,0.42716873353214724
0.215,0.3575439343240453,0.42745606567595473
0.21429509184115544,0.358,0.42770490815884454
0.214,0.35819008031066274,0.4278099196893373
0.213,0.35882622027246547,0.42817377972753456
0.21272328773333604,0.359,0.428276712266664
0.212,0.35945224479651083,0.4285477552034892
0.21111343293201484,0.36,0.4288865670679852
0.211,0.36006977815259034,0.4289302218474097
0.21,0.36067631784244863,0.4293236821575514
0.2094594434117778,0.361,0.4295405565882222
0.209,0.3612739186344098,0.42972608136559026
0.208,0.36186212032904375,0.4301378796709563
0.207762130463814,0.362,0.43023786953618604
0.207,0.36243985466778994,0.4305601453322101
0.20601656117791392,0.363,0.4309834388220861
0.206,0.3630093923946562,0.43099060760534386
0.205,0.3635673974849194,0.43143260251508064
0.20421393929770845,0.364,0.43178606070229153
0.204,0.36411723617575625,0.4318827638242438
0.20235282109712732,0.365,0.43264717890287274
0.202,0.3651865469411247,0.43281345305887536
0.2,0.36621711986657673,0.4337828801334233
0.19842612871339368,0.367,0.4345738712866063
0.198,0.3672087437527461,0.43479125624725395
0.196,0.36816120086683146,0.4358387991331686
0.19416485330205613,0.369,0.4368351466979439
0.194,0.3690742667771356,0.43692573322286443
0.192,0.36994730264732,0.43805269735268004
0.19,0.3707795935705086,0.43922040642949145
0.18945177646536146,0.371,0.4395482235346385
0.188,0.3715714755782311,0.44042852442176894
0.186,0.372322696532448,0.4416773034675521
0.1840945591619141,0.373,0.4429054408380859
0.184,0.3730329965772715,0.44296700342272854
0.182,0.3736998038910151,0.44430019610898497
0.18,0.37432458692408904,0.445675413075911
0.178,0.37490659982779606,0.447093400172204
0.17766011451534203,0.375,0.447339885484658
0.176,0.37544343855250983,0.44855656144749023
0.174,0.37593683883393936,0.4500631611660607
0.172,0.37638321363839883,0.45161678636160124
0.171,0.3765893411428985,0.45241065885710147
0.17,0.37678403026013674,0.4532159697398632
0.169,0.3769671073442714,0.45403289265572855
0.16880742040155908,0.377,0.45419257959844095
0.168,0.3771373226556951,0.45486267734430486
0.167,0.37729540267577133,0.45570459732422863
0.166,0.37744142241689205,0.4565585775831079
0.165,0.3775751997014402,0.45742480029855975
0.164,0.3776965496101606,0.4583034503898394
0.163,0.3778052844305945,0.45919471556940544
0.162,0.3779012136043297,0.46009878639567026
0.161,0.3779841436730324,0.46101585632696757
0.1607719937137815,0.378,0.4612280062862185
0.16,0.37805345522675543,0.46194654477324454
0.159,0.3781093502886486,0.46289064971135135
0.158,0.3781517529227947,0.4638482470772053
0.157,0.3781804599455757,0.4648195400544243
0.156,0.3781952650357014,0.4658047349642986
0.155,0.37819595867334566,0.4668040413266543
0.154,0.3781823280778297,0.4678176719221703
0.153,0.37815415714380674,0.46884584285619324
0.152,0.3781112263759041,0.46988877362409587
0.151,0.378053312821778,0.47094668717822197
0.15027020656109225,0.378,0.47172979343890775
0.15,0.3779800290763581,0.4720199709236419
0.149,0.37789074512816573,0.47310925487183425
0.148,0.3777856562235157,0.4742143437764843
0.147,0.3776645218667138,0.4753354781332862
0.146,0.37752709767993486,0.4764729023200651
0.145,0.37737313532415284,0.47762686467584714
0.144,0.37720238241806625,0.47879761758193373
0.143,0.3770145824549587,0.47998541754504126
0.14292866198133514,0.377,0.48007133801866486
0.142,0.37680787902163965,0.48119212097836034
0.141,0.3765833239008276,0.4824166760991724
0.14,0.3763407658990749,0.4836592341009251
0.139,0.37607992746893754,0.48492007253106245
0.13871317717575396,0.376,0.48528682282424607
0.138,0.37579882162937167,0.4862011783706283
0.137,0.37549800995526394,0.48750199004473604
0.136,0.37517787779016604,0.48882212220983395
0.13547551771920863,0.375,0.4895244822807914
0.135,0.3748367159589092,0.4901632840410908
0.134,0.3744738927258631,0.49152610727413687
0.133,0.37409063546519444,0.49290936453480555
0.1327750025301417,0.374,0.49322499746985826
0.132,0.3736838466940364,0.49431615330596357
0.131,0.3732549668814396,0.4957450331185604
0.13043310625826207,0.373,0.4965668937417379
0.13,0.37280269983992487,0.49719730016007513
0.129,0.37232595181379036,0.49867404818620964
0.12834630221460752,0.372,0.4996536977853925
0.128,0.3718250709724261,0.5001749290275739
0.127,0.3712980725387765,0.5017019274612236
0.1264575905820135,0.371,0.5025424094179864
0.126,0.37074520900081953,0.5032547909991805
0.125,0.37016543083998465,0.5048345691600153
0.12472546918844946,0.37,0.5052745308115506
0.124,0.3695569615143414,0.5064430384856586
0.12312280455866934,0.369,0.5078771954413307
0.123,0.3689209664489556,0.5080790335510443
0.122,0.3682537401687615,0.5097462598312386
0.12163321855332337,0.368,0.5103667814466767
0.121,0.36755588653053467,0.5114441134694654
0.12023506054034704,0.367,0.512764939459653
0.12,0.3668267900152328,0.5131732099847672
0.119,0.36606436489073385,0.5149356351092662
0.11891829432085667,0.366,0.5150817056791434
0.118,0.36526631611504184,0.5167336838849581
0.11767739175468739,0.365,0.5173226082453126
0.117,0.36443275217411625,0.5185672478258838
0.11649939206411716,0.364,0.5195006079358828
0.116,0.363561996919862,0.520438003080138
0.11537876940745592,0.363,0.5216212305925441
0.115,0.3626522753045575,0.5223477246954424
0.11431060773074583,0.362,0.5236893922692542
0.114,0.3617017060340636,0.5242982939659364
0.11329051828748746,0.361,0.5257094817125125
0.113,0.3607082935604948,0.5262917064395052
0.11231457017830097,0.36,0.5276854298216991
0.112,0.3596699193441473,0.5283300806558526
0.11137923157348126,0.359,0.5296207684265187
0.111,0.3585843323058341,0.5304156676941659
0.11048131974880689,0.358,0.5315186802511931
0.11,0.35744913838090137,0.5325508616190986
0.10961795842976021,0.357,0.5333820415702398
0.109,0.35626178907493206,0.534738210925068
0.10878654122594195,0.356,0.5352134587740581
0.108,0.35501956890821584,0.5369804310917842
0.10798470016410266,0.355,0.5370152998358974
0.10721487267971211,0.354,0.5387851273202879
0.107,0.3537162006336891,0.5392837993663109
0.10647120697020471,0.353,0.5405287930297953
0.106,0.35235086902430307,0.541649130975697
0.10575150743016005,0.352,0.54224849256984
0.10505521187415183,0.351,0.5439447881258482
0.105,0.35091940664107313,0.5440805933589269
0.10438515113322268,0.35,0.5456148488667774
0.104,0.34941374447925627,0.5465862555207437
0.10373454511802055,0.349,0.5472654548819795
0.10310411123578768,0.348,0.5488958887642124
0.103,0.3478320317444774,0.5491679682555226
0.10249610544511888,0.347,0.5505038945548811
0.102,0.34616541292006586,0.5518345870799342
0.10190388977045048,0.346,0.5520961102295495
0.10133277445136692,0.345,0.5536672255486331
0.101,0.3444062998010977,0.5545937001989023
0.1007772991282854,0.344,0.5552227008717147
0.1002391243151899,0.343,0.5567608756848101
0.1,0.3425472911851719,0.5574527088148281
0.09971718633456624,0.342,0.5582828136654336
0.09921021761697238,0.341,0.5597897823830276
0.099,0.34057738135469917,0.5604226186453009
0.09871891634384714,0.34,0.5612810836561528
0.09824155207561548,0.339,0.5627584479243846
0.098,0.33848390207550494,0.5635160979244951
0.09777825441547708,0.338,0.5642217455845229
0.09732901256371623,0.337,0.5656709874362837
0.097,0.3362521954456507,0.5667478045543493
0.09689132274287171,0.336,0.5671086772571283
0.09646882930526354,0.335,0.5685311706947365
0.09605554407661114,0.334,0.5699444559233888
0.096,0.33386287089289135,0.5701371291071087
0.09565754134433324,0.333,0.5713424586556668
0.09526939324370842,0.332,0.5727306067562916
0.095,0.3312903527229678,0.5737096472770322
0.09489196452358076,0.331,0.5741080354764192
0.09452778781348613,0.33,0.5754722121865139
0.09417211193458064,0.329,0.5768278880654194
0.094,0.32850494278519304,0.577495057214807
0.09382787110782471,0.328,0.5781721288921753
0.0934947904667185,0.327,0.5795052095332816
0.09316986752977935,0.326,0.5808301324702205
0.093,0.3254644208218122,0.5815355791781878
0.09285552072299356,0.325,0.5821444792770065
0.09255192829537306,0.324,0.5834480717046269
0.09225617671794625,0.323,0.5847438232820537
0.092,0.32211059699598954,0.5858894030040105
0.09196874389800143,0.322,0.5860312561019985
0.09169315796187705,0.321,0.5873068420381229
0.09142511975041133,0.32,0.5885748802495887
0.09116458479016151,0.319,0.5898354152098384
0.091,0.31835016520753345,0.5906498347924666
0.09091295035822188,0.318,0.5910870496417782
0.0906712787340949,0.317,0.5923287212659052
0.09043684243477366,0.316,0.5935631575652263
0.09020960131398033,0.315,0.5947903986860197
0.09,0.31404773408240094,0.5959522659175991
0.0899896838061046,0.314,0.5960103161938954
0.08978011889049312,0.313,0.5972198811095069
0.08957750373519147,0.312,0.5984224962648086
0.08938180208390474,0.311,0.5996181979160953
0.08919297822789453,0.31,0.6008070217721055
0.08901099699895884,0.309,0.6019890030010411
0.089,0.30893734309042814,0.602062656909572
0.08883840187440348,0.308,0.6031615981255964
0.08867263533299868,0.307,0.6043273646670013
0.08851349204931093,0.306,0.605486507950689
0.08836094026546218,0.305,0.6066390597345379
0.0882149487093518,0.304,0.6077850512906482
