p1,p2,p3
0.24,0.14483994455551313,0.6151600554444869
0.23,0.14351708574526012,0.6264829142547399
0.22,0.14283339940787398,0.637166600592126
0.21,0.1427894014389094,0.6472105985610906
0.2,0.14339337986610476,0.6566066201338953
0.19,0.14466179485978423,0.6653382051402158
0.18,0.1466200101768874,0.6733799898231126
0.17,0.14930342391180854,0.6806965760881915
0.1680050861879122,0.15,0.6819949138120878
0.16,0.15318806051548284,0.6868119394845171
0.15,0.15812482816464102,0.691875171835359
0.14688627849796396,0.16,0.693113721502036
0.14,0.16472167619167227,0.6952783238083278
0.1335744895836948,0.17,0.6964255104163052
0.13,0.17334698071389465,0.6966530192861053
0.12403823327077895,0.18,0.695961766729221
0.12,0.18514862733637152,0.6948513726636285
0.11679968655804239,0.19,0.6932003134419575
0.11106178250398183,0.2,0.6889382174960181
0.11,0.20215856310785754,0.6878414368921425
0.10676423228275553,0.21,0.6832357677172445
0.10326646112112194,0.22,0.6767335388788781
0.10035681134197807,0.23,0.669643188658022
0.1,0.23153970909447888,0.6684602909055212
0.09836647970360946,0.24,0.6616335202963906
0.0968991017893359,0.25,0.6531008982106641
0.0958791967353656,0.26,0.6441208032646344
0.09529807412422774,0.27,0.6347019258757722
0.09515082530362876,0.28,0.6248491746963712
0.09543620340312535,0.29,0.6145637965968747
0.09615659972564757,0.3,0.6038434002743525
0.09731811425455673,0.31,0.5926818857454432
0.09893072289133481,0.32,0.5810692771086652
0.1,0.3251876649459149,0.5748123350540851
0.10127074460391816,0.33,0.5687292553960819
0.10452282868950521,0.34,0.5554771713104947
0.10846048348453327,0.35,0.5415395165154667
0.11,0.3533477947977556,0.5366522052022444
0.11412388137726591,0.36,0.5258761186227341
0.12,0.3680792953723298,0.5119207046276701
0.12202192677457258,0.37,0.5079780732254274
0.13,0.3765717817764439,0.4934282182235561
0.13701042168866215,0.38,0.4829895783113378
0.14,0.3812838235060669,0.4787161764939331
0.15,0.3831771881293294,0.4668228118706706
0.16,0.3830396113468565,0.4569603886531435
0.17,0.38128191874939027,0.4487180812506097
0.17409615452586566,0.38,0.4459038454741343
0.18,0.3780987871342698,0.44190121286573025
0.19,0.3737269649442384,0.43627303505576165
0.1970449442237593,0.37,0.4329550557762407
0.2,0.3683897388266848,0.43161026117331525
0.21,0.362065519188707,0.42793448081129304
0.2129225712667363,0.36,0.4270774287332637
0.22,0.3548421890875437,0.4251578109124563
0.22611861987051862,0.35,0.4238813801294814
0.23,0.3468236179223042,0.4231763820776958
0.23777529799589273,0.34,0.4222247020041073
0.24,0.33797442173089526,0.42202557826910475
0.24824712735450236,0.33,0.4217528726454976
0.25,0.32823486048317363,0.42176513951682637
0.2577602153671712,0.32,0.4222397846328288
0.26,0.3175136570678853,0.4224863429321147
0.2664635504020384,0.31,0.4235364495979616
0.27,0.3056766276966181,0.4243233723033819
0.2744571492312421,0.3,0.4255428507687579
0.28,0.2925284761270692,0.42747152387293075
0.28180834475987543,0.29,0.42819165524012465
0.28844218350517326,0.28,0.4315578164948267
0.29,0.27742291331121255,0.4325770866887874
0.29433481895219477,0.27,0.43566518104780516
0.2996366100372109,0.26,0.440363389962789
0.3,0.259194689303929,0.44080531069607093
0.304015828105693,0.25,0.44598417189430695
0.3076669929345695,0.24,0.45233300706543056
0.31,0.23158572690405194,0.458414273095948
0.31042628176532144,0.23,0.45957371823467863
0.31204668564184807,0.22,0.467953314358152
0.3124960618576768,0.21,0.47750393814232317
0.3115426604018986,0.2,0.4884573395981014
0.31,0.19403204566994212,0.4959679543300578
0.30882105760289386,0.19,0.5011789423971063
0.30378746771161674,0.18,0.5162125322883833
0.28,0.1581999707357473,0.5618000292642527
0.27,0.15331014058036327,0.5766898594196367
0.26172007717185547,0.15,0.5882799228281445
0.26,0.1494396093608328,0.5905603906391672
0.25,0.14680912470643598,0.603190875293564
0.24,0.14483994455551313,0.6151600554444869
