'p1','p2','p3'
0.044472939288345885,0.667,0.2885270607116541
0.044,0.6663171203929237,0.2896828796070763
0.0437905762324967,0.666,0.29020942376750325
0.04313565705103526,0.665,0.2918643429489647
0.043,0.6647912021115551,0.2922087978884449
0.04250955547053702,0.664,0.29349044452946293
0.042,0.6631706614068382,0.29482933859316174
0.04189992755060413,0.663,0.29510007244939584
0.04131791177732296,0.662,0.29668208822267705
0.041,0.6614491801138455,0.2975508198861545
0.04075248685617892,0.661,0.29824751314382103
0.04020578941505069,0.66,0.29979421058494926
0.04,0.6596206625636188,0.3003793374363811
0.03967844649707536,0.659,0.30132155350292456
0.03916450827261689,0.658,0.3028354917273831
0.039,0.6576775405874571,0.3033224594125429
0.038669837038668935,0.657,0.3043301629613311
0.038186373186912016,0.656,0.305813626813088
0.038,0.6556116835110244,0.3063883164889756
0.03771955579757493,0.655,0.30728044420242506
0.037264517720838344,0.654,0.3087354822791616
0.037,0.6534143390150677,0.30958566098493223
0.03682123154617129,0.653,0.31017876845382863
0.03639277516627327,0.652,0.3116072248337267
0.036,0.6510760661244521,0.31292393387554784
0.035969112069400316,0.651,0.31303088793059963
0.03556557119823177,0.65,0.3144344288017682
0.03516513709105741,0.649,0.3158348629089426
0.035,0.6485848097302129,0.31641519026978704
0.034777833844103594,0.648,0.3172221661558964
0.03440053973546199,0.647,0.318599460264538
0.03402605494397601,0.646,0.31997394505602395
0.034,0.6459300020380183,0.32006999796198166
0.03366941434556412,0.645,0.32133058565443584
0.033316485292789376,0.644,0.3226835147072106
0.033,0.643096868117015,0.3239031318829849
0.03296759352998807,0.643,0.32403240647001197
0.0326350103094778,0.642,0.3253649896905222
0.03230476262209856,0.641,0.3266952373779014
0.032,0.6400707519290267,0.32792924807097323
0.03197785554667801,0.64,0.328022144453322
0.0316666536951439,0.639,0.3293333463048561
0.03135757450261366,0.638,0.3306424254973863
0.03105059651508749,0.637,0.33194940348491253
0.031,0.6368342200241472,0.3321657799758527
0.03075711476877547,0.636,0.3332428852312245
0.030467839271931377,0.635,0.3345321607280686
0.0301804769838261,0.634,0.3358195230161739
0.03,0.6333680434789474,0.3366319565210526
0.02989978683509164,0.633,0.33710021316490835
0.02962907916950835,0.632,0.3383709208304917
0.029360115607404993,0.631,0.33963988439259496
0.029092880036047136,0.63,0.34090711996395284
0.029,0.6296504339586446,0.34134956604135536
0.028835325303573835,0.629,0.3421646746964262
0.028583653866591754,0.628,0.3434163461334082
0.028333559832504403,0.627,0.3446664401674956
0.02808502929994357,0.626,0.3459149707000564
0.028,0.6256559390473438,0.34634406095265613
0.027845646951003365,0.625,0.34715435304899667
0.027611699047234622,0.624,0.3483883009527654
0.027379179993166122,0.623,0.3496208200068339
0.02714807777133376,0.622,0.35085192222866624
0.027,0.6213555355145122,0.3516444644854878
0.026922281156061285,0.621,0.3520777188439387
0.026704874305282122,0.62,0.3532951256947179
0.02648876341417955,0.619,0.3545112365858205
0.0262739380766357,0.618,0.3557260619233643
0.026060388030063747,0.617,0.3569396119699363
0.026,0.6167156963462701,0.3572843036537299
0.02585550681003313,0.616,0.3581444931899669
0.025654748124287873,0.615,0.3593452518757121
0.025455157063991207,0.614,0.36054484293600886
0.02525672472732428,0.613,0.3617432752726757
0.02505944233146539,0.612,0.3629405576685346
0.025,0.6116970963204255,0.3633029036795745
0.02487011243892739,0.611,0.3641298875610727
0.024684807965270117,0.61,0.36531519203472984
0.02450055708848133,0.609,0.3664994429115187
0.024317352180181075,0.608,0.36768264781981896
0.02413518571099263,0.607,0.3688648142890074
0.024,0.6062538037913695,0.3697461962086305
0.023956396285166798,0.606,0.37004360371483325
0.023785472314127958,0.605,0.37121452768587204
0.023615500192363373,0.604,0.37238449980763666
0.023446473374042116,0.603,0.37355352662595787
0.023278385395959736,0.602,0.3747216146040403
0.023111229876290048,0.601,0.37588877012371
0.023,0.6003310009201197,0.3766689990798803
0.02294788310047314,0.6,0.3770521168995269
0.02279123042105246,0.599,0.37820876957894756
0.022635432813215985,0.598,0.379364567186784
0.02248048472411434,0.597,0.3805195152758857
0.022326380669042276,0.596,0.3816736193309578
0.022173115230452553,0.595,0.3828268847695475
0.022020683056988156,0.594,0.3839793169430119
0.022,0.5938636374079417,0.3841363625920583
0.021876137266829007,0.593,0.385123862733171
0.021733476319089947,0.592,0.3862665236809101
0.02159157976482902,0.591,0.38740842023517097
0.02145044294483142,0.59,0.3885495570551686
0.021310061255502614,0.589,0.3896899387444974
0.02117043014810083,0.588,0.3908295698518992
0.021031545127983206,0.587,0.3919684548720168
0.021,0.5867717378572812,0.3922282621427188
0.02089933050087443,0.586,0.3931006694991256
0.020769559642069727,0.585,0.3942304403579303
0.020640473220569312,0.584,0.39535952677943076
0.020512067322672023,0.583,0.39648793267732807
0.020384338080276693,0.582,0.3976156619197233
0.02025728167028246,0.581,0.3987427183297175
0.020130894313999614,0.58,0.3998691056860004
0.02000517227657069,0.579,0.4009948277234293
0.02,0.5789586596778136,0.4010413403221864
0.019887007899110475,0.578,0.4021129921008896
0.019769754734258613,0.577,0.40323024526574147
0.01965311184401605,0.576,0.40434688815598396
0.01953707597714482,0.575,0.4054629240228552
0.01942164391947136,0.574,0.4065783560805287
0.01930681249342473,0.573,0.40769318750657535
0.01919257855758267,0.572,0.40880742144241733
0.01907893900622529,0.571,0.4099210609937748
0.019,0.5703018083118014,0.41069819168819854
0.01896792644156667,0.57,0.4110320735584334
0.0188621746307977,0.569,0.4121378253692023
0.018756967748424874,0.568,0.4132430322515752
0.018652303093415434,0.567,0.4143476969065846
0.018548177995010334,0.566,0.41545182200498976
0.018444589812367615,0.565,0.4165554101876324
0.018341535934211724,0.564,0.4176584640657883
0.018239013778488532,0.563,0.4187609862215115
0.01813702079202601,0.562,0.4198629792079739
0.01803555445020057,0.561,0.4209644455497994
0.018,0.5606478564142274,0.42135214358577255
0.017938672114494014,0.56,0.4220613278855059
0.017844482896823863,0.559,0.4231555171031761
0.017750776240728152,0.558,0.42424922375927177
0.017657549953717426,0.557,0.42534245004628257
0.01756480186759183,0.556,0.42643519813240816
0.017472529838174117,0.555,0.4275274701618258
0.017380731745046913,0.554,0.428619268254953
0.01728940549129423,0.553,0.42971059450870575
0.017198549003247108,0.552,0.4308014509967528
0.017108160230233337,0.551,0.43189183976976664
0.017018237144331205,0.55,0.4329817628556687
0.017,0.5497961922535202,0.4332038077464798
0.016933394362270468,0.549,0.4340666056377295
0.016850162199778536,0.548,0.43514983780022143
0.016767356374190086,0.547,0.4362326436258098
0.01668497512854724,0.546,0.4373150248714527
0.016603016725316194,0.545,0.4383969832746838
0.016521479446190167,0.544,0.43947852055380976
0.016440361591895474,0.543,0.4405596384081045
0.016359661482000683,0.542,0.44164033851799933
0.01627937745472872,0.541,0.4427206225452712
0.016199507866772007,0.54,0.4438004921332279
0.016120051093110443,0.539,0.44487994890688953
0.016041005526832363,0.538,0.44595899447316756
0.016,0.5374786095028553,0.4465213904971447
0.01596492594931265,0.537,0.4470350740506873
0.01589201018458196,0.536,0.448107989815418
0.015819470405175305,0.535,0.4491805295948247
0.015747305223936497,0.534,0.45025269477606344
0.015675513269225894,0.533,0.4513244867307741
0.015604093184777361,0.532,0.45239590681522257
0.015533043629557498,0.531,0.45346695637044243
0.015462363277627053,0.53,0.4545376367223729
0.015392050818004556,0.529,0.45560794918199543
0.01532210495453204,0.528,0.45667789504546796
0.015252524405742979,0.527,0.457747475594257
0.01518330790473219,0.526,0.45881669209526776
0.015114454199027877,0.525,0.4598855458009721
0.015045962050465668,0.524,0.46095403794953427
0.015,0.5233254485886387,0.46167455141136127
0.014979415089245487,0.523,0.4620205849107545
0.014916485749870138,0.522,0.46308351425012984
0.014853886475261558,0.521,0.46414611352473845
0.01479161620244197,0.52,0.465208383797558
0.01472967388074619,0.519,0.4662703261192538
0.014668058471721491,0.518,0.4673319415282785
0.014606768949029156,0.517,0.46839323105097086
0.014545804298347531,0.516,0.4694541957016525
0.014485163517276745,0.515,0.4705148364827233
0.014424845615244836,0.514,0.47157515438475517
0.014364849613415494,0.513,0.47263515038658455
0.014305174544597276,0.512,0.47369482545540276
0.01424581945315425,0.511,0.4747541805468457
0.01418678339491816,0.51,0.4758132166050818
0.014128065437102034,0.509,0.476871934562898
0.014069664658215145,0.508,0.47793033534178486
0.014011580147979418,0.507,0.47898841985202056
0.014,0.5067995778012734,0.4792004221987266
0.013957301239407692,0.506,0.48004269876059236
0.013904186514106631,0.505,0.48109581348589336
0.01385135996644471,0.504,0.4821486400335553
0.013798820821858423,0.503,0.48320117917814154
0.01374656831548883,0.502,0.4842534316845112
0.013694601692115957,0.501,0.485305398307884
0.013642920206094235,0.5,0.48635707979390574
0.01359152312128911,0.499,0.4874084768787109
0.013540409711014735,0.498,0.4884595902889852
0.0134895792579727,0.497,0.48951042074202733
0.01343903105419195,0.496,0.49056096894580803
0.013388764400969635,0.495,0.4916112355990304
0.013338778608813127,0.494,0.49266122139118684
0.013289072997382991,0.493,0.493710927002617
0.01323964689543703,0.492,0.494760353104563
0.013190499640775332,0.491,0.49580950035922466
0.013141630580186381,0.49,0.49685836941981365
0.013093039069394045,0.489,0.49790696093060594
0.013044724473005654,0.488,0.49895527552699437
0.013,0.48706899454934666,0.49993100545065333
0.01299695229342306,0.487,0.500003047706577
0.012953024702944217,0.486,0.5010469752970558
0.012909348797367888,0.485,0.5020906512026321
0.012865924044166204,0.484,0.5031340759558338
0.012822749918552197,0.483,0.5041772500814479
0.012779825903440104,0.482,0.50522017409656
0.012737151489406417,0.481,0.5062628485105936
0.012694726174651822,0.48,0.5073052738253482
0.012652549464963844,0.479,0.5083474505350362
0.012610620873680322,0.478,0.5093893791263197
0.012568939921653697,0.477,0.5104310600783464
0.012527506137215977,0.476,0.511472493862784
0.012486319056144604,0.475,0.5125136809438554
0.012445378221628967,0.474,0.5135546217783711
0.01240468318423773,0.473,0.5145953168157623
0.012364233501886918,0.472,0.5156357664981132
0.012324028739808696,0.471,0.5166759712601914
0.01228406847052093,0.47,0.5177159315294791
0.012244352273797514,0.469,0.5187556477262025
0.012204879736639343,0.468,0.5197951202633606
0.012165650453246062,0.467,0.520834349546754
0.01212666402498856,0.466,0.5218733359750114
0.012087920060382142,0.465,0.5229120799396179
0.012049418175060344,0.464,0.5239505818249397
0.01201115799174968,0.463,0.5249888420082502
0.012,0.46270654459708543,0.5252934554029145
0.011975444735292513,0.462,0.5260245552647074
0.011940908737749667,0.461,0.5270590912622504
0.011906591810941888,0.46,0.528093408189058
0.011872493649736016,0.459,0.5291275063502641
0.011838613955244747,0.458,0.5301613860447552
0.011804952434809132,0.457,0.5311950475651908
0.011771508801981394,0.456,0.5322284911980186
0.011738282776508546,0.455,0.5332617172234915
0.01170527408431646,0.454,0.5342947259156836
0.011672482457494634,0.453,0.5353275175425054
0.011639907634281469,0.452,0.5363600923657186
0.011607549359050189,0.451,0.5373924506409498
0.01157540738229532,0.45,0.5384245926177047
0.01154348146061978,0.449,0.5394565185393803
0.011511771356722492,0.448,0.5404882286432775
0.011480276839386648,0.447,0.5415197231606133
0.011448997683468508,0.446,0.5425510023165314
0.011417933669886823,0.445,0.5435820663301132
0.011387084585612755,0.444,0.5446129154143873
0.011356450223660454,0.443,0.5456435497763394
0.011326030383078183,0.442,0.5466739696169218
0.011295824868939996,0.441,0.5477041751310601
0.01126583349233802,0.44,0.5487341665076619
0.011236056070375266,0.439,0.5497639439296247
0.011206492426159098,0.438,0.5507935075738408
0.011177142388795138,0.437,0.5518228576112048
0.011148005793381934,0.436,0.5528519942066181
0.011119082481005958,0.435,0.553880917518994
0.01109037229873742,0.434,0.5549096277012626
0.011061875099626443,0.433,0.5559381249003736
0.011033590742700012,0.432,0.5569664092572999
0.011005519092959267,0.431,0.5579944809070407
0.011,0.4308019111795374,0.5581980888204625
0.010979723536327663,0.43,0.5590202764636722
0.010954630092038882,0.429,0.560045369907961
0.010929728815559136,0.428,0.5610702711844409
0.01090501961570827,0.427,0.5620949803842918
0.010880502406646373,0.426,0.5631194975933536
0.010856177107875543,0.425,0.5641438228921245
0.010832043644242293,0.424,0.5651679563557577
0.010808101945940321,0.423,0.5661918980540597
0.010784351948513975,0.422,0.567215648051486
0.010760793592862021,0.421,0.568239206407138
0.010737426825242148,0.42,0.5692625731747578
0.010714251597275813,0.419,0.5702857484027242
0.010691267865953723,0.418,0.5713087321340462
0.010668475593641763,0.417,0.5723315244063583
0.010645874748087533,0.416,0.5733541252519125
0.010623465302427311,0.415,0.5743765346975727
0.010601247235193647,0.414,0.5753987527648063
0.010579220530323398,0.413,0.5764207794696765
0.010557385177166378,0.412,0.5774426148228335
0.010535741170494474,0.411,0.5784642588295055
0.01051428851051137,0.41,0.5794857114894887
0.010493027202862746,0.409,0.5805069727971373
0.010471957258647089,0.408,0.581528042741353
0.010451078694426992,0.407,0.582548921305573
0.010430391532241056,0.406,0.583569608467759
0.01040989579961631,0.405,0.5845901042003837
0.010389591529581209,0.404,0.5856104084704188
0.0103694787606792,0.403,0.5866305212393208
0.01034955753698283,0.402,0.5876504424630171
0.010329827908108448,0.401,0.5886701720918915
0.010310289929231468,0.4,0.5896897100707685
0.010290943661102224,0.399,0.5907090563388978
0.010271789170062377,0.398,0.5917282108299377
0.010252826528061957,0.397,0.5927471734719381
0.010234055812676942,0.396,0.5937659441873231
0.010215477107127469,0.395,0.5947845228928725
0.010197090500296647,0.394,0.5958029094997034
0.010178896086749954,0.393,0.59682110391325
0.010160893966755246,0.392,0.5978391060332447
0.010143084246303419,0.391,0.5988569157536966
0.010125467037129632,0.39,0.5998745329628704
0.01010804245673522,0.389,0.6008919575432647
0.010090810628410178,0.388,0.6019091893715898
0.010073771681256345,0.387,0.6029262283187437
0.01005692575021118,0.386,0.6039430742497888
0.01004027297607221,0.385,0.6049597270239278
0.01002381350552215,0.384,0.6059761864944778
0.010007547491154662,0.383,0.6069924525088454
0.01,0.38253042914428126,0.6074695708557187
0.00999232889087659,0.382,0.6080076711091235
0.009978040366449014,0.381,0.609021959633551
0.009963926106804102,0.38,0.6100360738931959
0.009949986276966465,0.379,0.6110500137230336
0.009936221047367766,0.378,0.6120637789526322
0.009922630593874176,0.377,0.6130773694061258
0.009909215097814497,0.376,0.6140907849021855
0.009895974746008892,0.375,0.6151040252539911
0.009882909730798297,0.374,0.6161170902692017
0.009870020250074513,0.373,0.6171299797499255
0.009857306507310894,0.372,0.6181426934926891
0.009844768711593788,0.371,0.6191552312884062
0.00983240707765461,0.37,0.6201675929223454
0.009820221825902638,0.369,0.6211797781740974
0.00980821318245848,0.368,0.6221917868175415
0.009796381379188271,0.367,0.6232036186208118
0.009784726653738593,0.366,0.6242152733462614
0.0097732492495721,0.365,0.6252267507504279
0.00976194941600388,0.364,0.6262380505839962
0.009750827408238601,0.363,0.6272491725917614
0.009739883487408351,0.362,0.6282601165125916
0.009729117920611305,0.361,0.6292708820793887
0.009718530980951118,0.36,0.6302814690190489
0.00970812294757714,0.359,0.6312918770524228
0.009697894105725389,0.358,0.6323021058942746
0.00968784474676039,0.357,0.6333121552532396
0.009677975168217752,0.356,0.6343220248317822
0.009668285673847662,0.355,0.6353317143261523
0.009658776573659149,0.354,0.6363412234263409
0.009649448183965247,0.353,0.6373505518160347
0.009640300827428998,0.352,0.6383596991725711
0.009631334833110338,0.351,0.6393686651668897
0.009622550536513882,0.35,0.6403774494634862
0.009613948279637623,0.349,0.6413860517203624
0.009605528411022501,0.348,0.6423944715889776
0.009597291285802962,0.347,0.643402708714197
0.009589237265758414,0.346,0.6444107627342416
0.00958136671936567,0.345,0.6454186332806343
0.009573680021852361,0.344,0.6464263199781477
0.009566177555251318,0.343,0.6474338224447487
0.009558859708455963,0.342,0.648441140291544
0.00955172687727675,0.341,0.6494482731227231
0.009544779464498592,0.34,0.6504552205355014
0.009538017879939369,0.339,0.6514619821200607
0.009531442540509496,0.338,0.6524685574594904
0.009525053870272568,0.337,0.6534749461297273
0.009518852300507117,0.336,0.654481147699493
0.009512838269769477,0.335,0.6554871617302305
0.0095070122239578,0.334,0.6564929877760421
0.009501374616377211,0.333,0.6574986253836228
0.009495925907806131,0.332,0.6585040740921939
0.009490666566563836,0.331,0.6595093334334361
0.009485597068579188,0.33,0.6605144029314207
0.009480717897460583,0.329,0.6615192821025393
0.009476029544567229,0.328,0.6625239704554327
0.009471532509081611,0.327,0.6635284674909183
0.009467227298083313,0.326,0.6645327727019166
0.00946311442662413,0.325,0.6655368855733759
0.009459194417804528,0.324,0.6665408055821955
0.009455467802851473,0.323,0.6675445321971485
0.009451935121197633,0.322,0.6685480648788023
0.009448596920562024,0.321,0.6695514030794381
0.009445453757032036,0.32,0.6705545462429681
0.009442506195146996,0.319,0.671557493804853
0.009439754807983142,0.318,0.672560245192017
0.009437200177240167,0.317,0.6735627998227598
0.009434842893329276,0.316,0.6745651571066706
0.009432683555462819,0.315,0.6755673164445373
0.009430722771745519,0.314,0.6765692772282546
0.009428961159267332,0.313,0.6775710388407328
0.009427399344197947,0.312,0.6785726006558022
0.009426037961882988,0.311,0.6795739620381169
0.009424877656941935,0.31,0.6805751223430581
0.009423919083367744,0.309,0.6815760809166322
0.009423162904628335,0.308,0.6825768370953718
0.00942260979376982,0.307,0.6835773902062301
0.009422260433521595,0.306,0.6845777395664785
0.009422115516403337,0.305,0.6855778844835967
0.009422175744833899,0.304,0.6865778242551661
0.009422441831242162,0.303,0.6875775581687578
0.00942291449817987,0.302,0.6885770855018201
0.00942359447843652,0.301,0.6895764055215634
0.009424482515156294,0.3,0.6905755174848438
0.009425579361957101,0.299,0.691574420638043
0.009426885783051798,0.298,0.6925731142169482
0.009428402553371565,0.297,0.6935715974466286
0.009430130458691517,0.296,0.6945698695413085
0.00943207029575863,0.295,0.6955679297042414
0.009434222872421946,0.294,0.6965657771275782
0.00943658900776517,0.293,0.6975634109922348
0.009439169532241687,0.292,0.6985608304677584
0.009441965287812035,0.291,0.6995580347121879
0.009444977128083867,0.29,0.7005550228719162
0.009448205918454527,0.289,0.7015517940815454
0.009451652536256225,0.288,0.7025483474637437
0.009455317870903845,0.287,0.7035446821290963
0.009459202824045516,0.286,0.7045407971759545
0.00946330830971597,0.285,0.7055366916902841
0.009467635254492702,0.284,0.7065323647455073
0.009472184597655071,0.283,0.707527815402345
0.009476957291346292,0.282,0.7085230427086537
0.009481954300738511,0.281,0.7095180456992615
0.009487176604200943,0.28,0.710512823395799
0.009492625193471129,0.279,0.7115073748065288
0.009498301073829448,0.278,0.7125016989261705
0.009504205264276871,0.277,0.7134957947357231
0.00951033879771608,0.276,0.7144896612022839
0.009516702721136035,0.275,0.715483297278864
0.009523298095799998,0.274,0.7164767019042
0.009530125997437168,0.273,0.7174698740025628
0.009537187516437897,0.272,0.718462812483562
0.009544483758052722,0.271,0.7194555162419473
0.009552015842595166,0.27,0.7204479841574049
0.009559784905648419,0.269,0.7214402150943515
0.009567792098275995,0.268,0.722432207901724
0.009576038587236524,0.267,0.7234239614127634
0.009584525555202604,0.266,0.7244154744447974
0.009593254200983975,0.265,0.725406745799016
0.009602225739755024,0.264,0.726397774260245
0.00961144140328671,0.263,0.7273885585967133
0.009620902440183059,0.262,0.7283790975598169
0.009630610116122299,0.261,0.7293693898838777
0.009640565714102737,0.26,0.7303594342858972
0.00965077053469355,0.259,0.7313492294653064
0.009661225896290442,0.258,0.7323387741037095
0.009671933135376514,0.257,0.7333280668646235
0.00968289360678827,0.256,0.7343171063932117
0.009694108683986949,0.255,0.7353058913160131
0.009705579759335366,0.254,0.7362944202406646
0.009717308244380248,0.253,0.7372826917556198
0.009729295570140364,0.252,0.7382707044298596
0.009741543187400455,0.251,0.7392584568125995
0.00975405256701117,0.25,0.7402459474329889
0.009766825200195117,0.249,0.7412331747998049
0.009779862598859202,0.248,0.7422201374011408
0.0097931662959134,0.247,0.7432068337040866
0.009806737845596113,0.246,0.7441932621544038
0.009820578823806223,0.245,0.7451794211761937
0.009834690828442124,0.244,0.7461653091715579
0.009849075479747794,0.243,0.7471509245202522
0.009863734420666107,0.242,0.7481362655793339
0.009878669317199598,0.241,0.7491213306828004
0.009893881858778835,0.24,0.7501061181412212
0.009909373758638597,0.239,0.7510906262413614
0.009925146754202042,0.238,0.7520748532457979
0.009941202607473101,0.237,0.7530587973925269
0.00995754310543723,0.236,0.7540424568945627
0.009974170060470857,0.235,0.7550258299395292
0.009991085310759594,0.234,0.7560089146892405
0.01,0.23348187997433253,0.7565181200256674
0.010009203396225085,0.233,0.7569907966037749
0.010028626880418381,0.232,0.7579713731195816
0.010048376465794718,0.231,0.7589516235342053
0.010068454307579857,0.23,0.7599315456924202
0.01008886259210329,0.229,0.7609111374078967
0.01010960353732625,0.228,0.7618903964626738
0.010130679393381402,0.227,0.7628693206066186
0.01015209244312461,0.226,0.7638479075568754
0.010173845002699002,0.225,0.764826154997301
0.01019593942211181,0.224,0.7658040605778882
0.010218378085824148,0.223,0.7667816219141759
0.010241163413354236,0.222,0.7677588365866458
0.010264297859894298,0.221,0.7687357021401058
0.01028778391694166,0.22,0.7697122160830584
0.010311624112944232,0.219,0.7706883758870557
0.010335821013960994,0.218,0.771664178986039
0.01036037722433769,0.217,0.7726396227756623
0.010385295387398312,0.216,0.7736147046126017
0.01041057818615275,0.215,0.7745894218138473
0.010436228344021001,0.214,0.775563771655979
0.010462248625574506,0.213,0.7765377513744255
0.010488641837295025,0.212,0.777511358162705
0.010515410828351593,0.211,0.7784845891716484
0.010542558491396051,0.21,0.779457441508604
0.010570087763377648,0.209,0.7804299122366224
0.010598001626377309,0.208,0.7814019983736227
0.010626303108462154,0.207,0.7823736968915379
0.010654995284560813,0.206,0.7833450047154392
0.010684081277360093,0.205,0.78431591872264
0.010713564258223802,0.204,0.7852864357417763
0.01074344744813416,0.203,0.7862565525518659
0.010773734118656635,0.202,0.7872262658813434
0.010804427592928776,0.201,0.7881955724070713
0.010835531246673925,0.2,0.7891644687533261
0.010867048509240324,0.199,0.7901329514907596
0.010898982864666628,0.198,0.7911010171353334
0.010931337852774392,0.197,0.7920686621472255
0.010964117070288599,0.196,0.7930358829297115
0.010997324171986855,0.195,0.7940026758280132
0.011,0.1949204576780211,0.7940795423219789
0.01103405172213267,0.194,0.7949659482778673
0.011071524638426639,0.193,0.7959284753615734
0.01110948017786996,0.192,0.7968905198221301
0.011147922622385809,0.191,0.7978520773776141
0.011186856324511251,0.19,0.7988131436754888
0.011226285708871157,0.189,0.7997737142911288
0.011266215273691468,0.188,0.8007337847263085
0.011306649592352929,0.187,0.8016933504076471
0.011347593314986552,0.186,0.8026524066850134
0.01138905117011224,0.185,0.8036109488298877
0.011431027966321998,0.184,0.8045689720336779
0.011473528594009054,0.183,0.8055264714059909
0.011516558027144564,0.182,0.8064834419728555
0.011560121325103341,0.181,0.8074398786748966
0.011604223634540263,0.18,0.8083957763654597
0.011648870191319202,0.179,0.8093511298086808
0.011694066322495969,0.178,0.810305933677504
0.011739817448357334,0.177,0.8112601825516428
0.01178612908451792,0.176,0.812213870915482
0.011833006844076977,0.175,0.8131669931559231
0.011880456439837045,0.174,0.8141195435601629
0.011928483686586775,0.173,0.8150715163134132
0.011977094503449933,0.172,0.81602290549655
0.012,0.17153445845204018,0.8164655415479598
0.012028695890352539,0.171,0.8169713041096475
0.012083038472457251,0.17,0.8179169615275427
0.012138037444559479,0.169,0.8188619625554405
0.01219369974098579,0.168,0.8198063002590141
0.012250032423818523,0.167,0.8207499675761815
0.012307042685947756,0.166,0.8216929573140522
0.012364737854215647,0.165,0.8226352621457843
0.01242312539265661,0.164,0.8235768746073433
0.012482212905836553,0.163,0.8245177870941635
0.012542008142295166,0.162,0.8254579918577049
0.012602518998094865,0.161,0.8263974810019051
0.012663753520480487,0.16,0.8273362464795195
0.012725719911653813,0.159,0.8282742800883461
0.012788426532667384,0.158,0.8292115734673325
0.012851881907442067,0.157,0.830148118092558
0.0129160947269131,0.156,0.8310839052730868
0.012981073853309669,0.155,0.8320189261466903
0.013,0.15471218102746584,0.8322878189725341
0.013050772990542725,0.154,0.8329492270094573
0.013122916454801976,0.153,0.833877083545198
0.013195920053564385,0.152,0.8348040799464356
0.013269794177926408,0.151,0.8357302058220736
0.013344549430128668,0.15,0.8366554505698713
0.01342019662918751,0.149,0.8375798033708125
0.013496746816716337,0.148,0.8385032531832837
0.013574211262944526,0.147,0.8394257887370554
0.013652601472941913,0.146,0.8403473985270581
0.013731929193057412,0.145,0.8412680708069425
0.013812206417580616,0.144,0.8421877935824194
0.013893445395635699,0.143,0.8431065546043642
0.01397565863831745,0.142,0.8440243413616826
0.014,0.14170744889299117,0.8442925511070088
0.014063463364513673,0.141,0.8449365366354863
0.014154249874768073,0.14,0.8458457501252319
0.014246128231325357,0.139,0.8467538717686747
0.014339113123844442,0.138,0.8476608868761556
0.014433219567018624,0.137,0.8485667804329814
0.014528462910082343,0.136,0.8494715370899176
0.014624858846669095,0.135,0.8503751411533309
0.014722423425036013,0.134,0.851277576574964
0.014821173058671644,0.133,0.8521788269413284
0.014921124537304303,0.132,0.8530788754626957
0.015,0.1312203817323156,0.8537796182676844
0.015023923943378006,0.131,0.853976076056622
0.01513381240844593,0.13,0.8548661875915541
0.015245046072754951,0.129,0.8557549539272451
0.015357644679647012,0.128,0.8566423553203529
0.015471628442123173,0.127,0.8575283715578769
0.015587018057676788,0.126,0.8584129819423232
0.015703834723718085,0.125,0.8592961652762819
0.01582210015361847,0.124,0.8601778998463815
0.015941836593404802,0.123,0.8610581634065952
0.016,0.12252024013931395,0.861479759860686
0.016067390987587277,0.122,0.8619326090124128
0.016198553592322584,0.121,0.8628014464076774
0.016331361743644097,0.12,0.8636686382563559
0.0164658416642605,0.119,0.8645341583357395
0.01660202024652243,0.118,0.8653979797534775
0.016739925075202566,0.117,0.8662600749247974
0.016879584451253957,0.116,0.8671204155487461
0.017,0.11514867238836404,0.867851327611636
0.017022386240704828,0.115,0.8679776137592952
0.01717489923621079,0.114,0.8688251007637893
0.017329373958436225,0.113,0.8696706260415638
0.01748584384026222,0.112,0.8705141561597378
0.017644343220607702,0.111,0.8713556567793923
0.017804907377213484,0.11,0.8721950926227865
0.017967572560923933,0.109,0.873032427439076
0.018,0.10880324725577856,0.8731967527442215
0.018140468019350636,0.108,0.8738595319806494
0.01831765390161132,0.107,0.8746823460983887
0.01849718957112064,0.106,0.8755028104288793
0.018679117996754428,0.105,0.8763208820032455
0.01886348338830469,0.104,0.8771365166116953
0.019,0.10326938532213288,0.8777306146778671
0.019053251611021452,0.103,0.8779467483889786
0.019253615813527688,0.102,0.8787463841864723
0.019456705227825385,0.101,0.8795432947721746
0.019662572381809462,0.1,0.8803374276181906
0.01987127139537976,0.099,0.8811287286046202
0.02,0.09839162255495003,0.8816083774450499
0.02008743478708036,0.098,0.8819125652129197
0.020313814986162866,0.097,0.8826861850138371
0.020543363453406124,0.096,0.8834566365465939
0.02077614469916923,0.095,0.8842238553008308
0.021,0.0940517885396664,0.8849482114603335
0.021012869881115833,0.094,0.8849871301188842
0.02126494246031613,0.093,0.8857350575396838
0.02152063300856567,0.092,0.8864793669914344
0.021780018634224914,0.091,0.8872199813657751
0.022,0.0901640907935244,0.8878359092064756
0.02204535739472456,0.09,0.8879546426052755
0.02232584440784288,0.089,0.8886741555921571
0.022610469937119626,0.088,0.8893895300628804
0.02289932646659329,0.087,0.8901006735334067
0.023,0.08665663980054057,0.8903433601994594
0.023201822729435512,0.086,0.8907981772705645
0.023513826759874155,0.085,0.8914861732401259
0.023830575299293826,0.084,0.8921694247007063
0.024,0.08347321308966565,0.8925267869103344
0.02415925390550025,0.083,0.8928407460944998
0.02450100842618668,0.082,0.8934989915738134
0.02484808743307034,0.081,0.8941519125669297
0.025,0.0805691076929247,0.8944308923070753
0.025209598513478503,0.08,0.8947904014865216
0.025583744182904097,0.079,0.8954162558170959
0.02596387185193011,0.078,0.8960361281480699
0.026,0.07790647594190657,0.8960935240580934
0.026365241762056065,0.077,0.896634758237944
0.026774730122005284,0.076,0.8972252698779948
0.027,0.07545879738780273,0.8975412026121973
0.027198907215024364,0.075,0.8978010927849757
0.027639666367803316,0.074,0.8983603336321967
0.028,0.07319596059387215,0.8988040394061279
0.028091350608517477,0.073,0.8989086493914825
0.028565450222895146,0.072,0.8994345497771049
0.029,0.07109883771949918,0.8999011622805008
0.029049515715794203,0.071,0.8999504842842059
0.059,0.041813187859938476,0.8991868121400616
0.061,0.040890257491783606,0.8981097425082164
0.063,0.04002564661447152,0.8969743533855286
0.065,0.03921736560478417,0.8957826343952159
0.067,0.0384567800912908,0.8945432199087092
0.069,0.03773868629841629,0.8932613137015838
0.071,0.037059992554445295,0.8919400074455548
0.07118183693874545,0.037,0.8918181630612545
0.072,0.036737997023402025,0.8912620029765981
0.073,0.03642362873486088,0.8905763712651391
0.074,0.03611496243840401,0.8898850375615961
0.07437929787780159,0.036,0.8896207021221983
0.075,0.035817533123416664,0.8891824668765834
0.076,0.03552882372402315,0.8884711762759769
0.077,0.03524522686964314,0.8877547731303569
0.07788018102530575,0.035,0.8871198189746942
0.078,0.03496764790636154,0.8870323520936385
0.079,0.03470237636398084,0.8862976236360192
0.08,0.03444170004583041,0.8855582999541697
0.081,0.034185507579694456,0.8848144924203056
0.08173670058144351,0.034,0.8842632994185564
0.082,0.033935800007640744,0.8840641999923593
0.083,0.0336961292355335,0.8833038707644665
0.084,0.033460501155692754,0.8825394988443073
0.085,0.03322882272409655,0.8817711772759035
0.086,0.033001004175725455,0.8809989958242745
0.0860044824958461,0.033,0.8809955175041538
0.087,0.03278424384583999,0.88021575615416
0.088,0.03257108699243378,0.8794289130075662
0.089,0.03236142262289316,0.8786385773771068
0.09,0.032155175173545124,0.8778448248264549
0.09076479164588058,0.032,0.8772352083541194
0.091,0.03195387423035785,0.8770461257696421
0.092,0.031760948000014874,0.8762390519999852
0.093,0.031571120472478204,0.8754288795275218
0.094,0.03138432770990534,0.8746156722900947
0.095,0.03120050781595707,0.873799492184043
0.096,0.031019600850292085,0.8729803991497079
0.0961100948519787,0.031,0.8728899051480212
0.097,0.03084702477286946,0.8721529752271305
0.098,0.03067782917633425,0.8713221708236658
0.099,0.030511284049579347,0.8704887159504207
0.1,0.03034733830921545,0.8696526616907846
0.101,0.030185942407310522,0.8688140575926895
0.102,0.030027048270892573,0.8679729517291075
0.10217291394173811,0.03,0.8678270860582619
0.103,0.029875216221429794,0.8671247837785703
0.104,0.029726672272299866,0.8662733277277002
0.105,0.029580411025643603,0.8654195889743564
0.106,0.029436391259948427,0.8645636087400516
0.107,0.029294572924494743,0.8637054270755052
0.108,0.02915491709581151,0.8628450829041885
0.109,0.029017385936139516,0.8619826140638605
0.10912837407605164,0.029,0.8618716259239484
0.11,0.028886278273865553,0.8611137217261344
0.111,0.028757786753832015,0.860242213246168
0.112,0.028631239394740465,0.8593687606052596
0.113,0.028506603548728096,0.8584933964512719
0.114,0.028383847439630006,0.85761615256037
0.115,0.02826294013255147,0.8567370598674485
0.116,0.028143851504758156,0.8558561484952418
0.117,0.028026552217816532,0.8549734477821834
0.11722982949860535,0.028,0.8547701705013946
0.118,0.027914388569444552,0.8540856114305555
0.119,0.0278048998718205,0.8531951001281795
0.12,0.027697053080465633,0.8523029469195343
0.121,0.027590822726430743,0.8514091772735692
0.122,0.027486183977620978,0.8505138160223791
0.123,0.027383112618028088,0.8496168873819719
0.124,0.027281585027803965,0.848718414972196
0.125,0.02718157816413508,0.8478184218358649
0.126,0.02708306954287954,0.8469169304571205
0.12685611326201074,0.027,0.8461438867379892
0.127,0.026986584800834604,0.8460134151991654
0.128,0.026894756038871797,0.8451052439611282
0.129,0.026804305713547617,0.8441956942864524
0.13,0.02671521419349783,0.8432847858065021
0.131,0.026627462305973185,0.8423725376940268
0.132,0.026541031322918112,0.8414589686770819
0.133,0.026455902947575282,0.8405440970524247
0.134,0.026372059301592216,0.8396279406984077
0.135,0.02628948291260777,0.8387105170873922
0.136,0.026208156702297036,0.837791843297703
0.137,0.026128063974854614,0.8368719360251454
0.138,0.026049188405897105,0.8359508115941029
0.13863328565577535,0.026,0.8353667143442246
0.139,0.025972671019875555,0.8350273289801244
0.14,0.02589928930052435,0.8341007106994757
0.141,0.025827030930954446,0.8331729690690456
0.142,0.025755881565216878,0.8322441184347831
0.143,0.02568582716608279,0.8313141728339172
0.144,0.025616853996467983,0.830383146003532
0.145,0.02554894861115445,0.8294510513888456
0.146,0.025482097848796747,0.8285179021512032
0.147,0.025416288824201622,0.8275837111757983
0.148,0.025351508920869643,0.8266484910791303
0.149,0.025287745783788295,0.8257122542162116
0.15,0.02522498731246648,0.8247750126875335
0.151,0.025163221654200776,0.8238367783457992
0.152,0.025102437197564297,0.8228975628024356
0.153,0.02504262256610925,0.8219573774338907
0.15372420271914689,0.025,0.8212757972808531
0.154,0.02498445060092879,0.8210155493990712
0.155,0.024928982633565036,0.820071017366435
0.156,0.024874412676448743,0.8191255873235512
0.157,0.024820730667201408,0.8181792693327986
0.158,0.0247679267412795,0.8172320732587205
0.159,0.024715991227012103,0.8162840087729879
0.16,0.024664914640794334,0.8153350853592056
0.161,0.024614687682430844,0.8143853123175692
0.162,0.02456530123062372,0.8134346987693762
0.163,0.024516746338599568,0.8124832536614004
0.164,0.024469014229870644,0.8115309857701293
0.165,0.024422096294124996,0.810577903705875
0.166,0.024375984083241188,0.8096240159167588
0.167,0.024330669307423017,0.808669330692577
0.168,0.02428614383144971,0.8077138561685503
0.169,0.02424239967103788,0.806757600328962
0.17,0.024199428989311003,0.8058005710106889
0.171,0.02415722409337273,0.8048427759066272
0.172,0.024115777430980378,0.8038842225690197
0.174,0.024035129281845515,0.8019648707181546
0.176,0.023959291666624756,0.8000407083333753
0.178,0.023887757215687797,0.7981122427843123
0.18,0.02381893601669508,0.796181063983305
0.182,0.02375277844811893,0.7942472215518811
0.184,0.023689236606482422,0.7923107633935176
0.186,0.02362826423304186,0.7903717357669582
0.188,0.023569816644406744,0.7884301833555933
0.19,0.023513850666847545,0.7864861493331525
0.192,0.023460324574059676,0.7845396754259404
0.194,0.023409198028168866,0.7825908019718312
0.196,0.023360432023778962,0.7806395679762211
0.198,0.02331398883487666,0.7786860111651234
0.2,0.023269831964421457,0.7767301680355786
0.202,0.023227926096460384,0.7747720739035396
0.204,0.02318823705061885,0.7728117629493811
0.205,0.02316921345444278,0.7718307865455573
0.206,0.023150731738828454,0.7708492682611716
0.207,0.02313278793168697,0.7698672120683131
0.208,0.023115378124162523,0.7688846218758375
0.209,0.023098498469452916,0.7679015015305471
0.21,0.02308214518165841,0.7669178548183416
0.211,0.023066314534658273,0.7659336854653418
0.212,0.023051002861014053,0.764948997138986
0.213,0.02303620655089911,0.7639637934491009
0.214,0.02302192205105327,0.7629780779489468
0.215,0.023008145863762333,0.7619918541362377
0.21561381789298248,0.023,0.7613861821070175
0.216,0.022995108731855583,0.7610048912681444
0.217,0.022982922438583697,0.7600170775614163
0.218,0.022971211639063988,0.759028788360936
0.219,0.02295997319188347,0.7580400268081166
0.22,0.022949204004120493,0.7570507959958795
0.221,0.02293890103049804,0.756061098969502
0.222,0.022929061272556138,0.7550709387274439
0.223,0.02291968177784343,0.7540803182221566
0.224,0.02291075963912687,0.7530892403608731
0.225,0.022902291993619386,0.7520977080063806
0.226,0.022894276022224994,0.751105723977775
0.227,0.022886708948800644,0.7501132910511994
0.228,0.022879588039434844,0.7491204119605652
0.229,0.0228729106017421,0.7481270893982579
0.23,0.022866673984173143,0.7471333260158268
0.231,0.022860875575340292,0.7461391244246597
0.232,0.022855512803357805,0.7451444871966422
0.233,0.022850583135196542,0.7441494168648035
0.234,0.02284608407605278,0.7431539159239472
0.235,0.02284201316873087,0.7421579868312691
0.236,0.02283836799303908,0.741161632006961
0.237,0.02283514616519868,0.7401648538348014
0.238,0.02283234533726563,0.7391676546627344
0.239,0.02282996319656478,0.7381700368034352
0.24,0.022827997465136026,0.737172002534864
0.241,0.02282644589919246,0.7361735541008075
0.242,0.02282530628858982,0.7351746937114102
0.243,0.02282457645630733,0.7341754235436927
0.244,0.02282425425793944,0.7331757457420606
0.245,0.022824337581198208,0.7321756624188018
0.246,0.022824824345426178,0.7311751756545738
0.247,0.022825712501119408,0.7301742874988806
0.248,0.022827000029460438,0.7291729999705395
0.249,0.022828684941860928,0.728171315058139
0.25,0.022830765279513776,0.7271692347204862
0.251,0.022833239112954564,0.7261667608870455
0.252,0.02283610454163185,0.7251638954583681
0.253,0.02283935969348641,0.7241606403065136
0.254,0.0228430027245391,0.7231569972754609
0.255,0.022847031818486994,0.722152968181513
0.256,0.022851445186307884,0.7211485548136921
0.257,0.022856241065872696,0.7201437589341273
0.258,0.022861417721565788,0.7191385822784342
0.259,0.02286697344391295,0.718133026556087
0.26,0.02287290654921677,0.7171270934507832
0.261,0.02287921537919946,0.7161207846208005
0.262,0.02288589830065276,0.7151141016993472
0.263,0.022892953705094757,0.7141070462949052
0.264,0.022900380008433766,0.7130996199915662
0.265,0.0229081756506386,0.7120918243493614
0.266,0.02291633909541567,0.7110836609045843
0.267,0.0229248688298922,0.7100751311701078
0.268,0.022933763364305935,0.709066236635694
0.269,0.02294302123170078,0.7080569787682992
0.27,0.022952640987628545,0.7070473590123715
0.271,0.022962621209856454,0.7060373787901435
0.272,0.022972960498080466,0.7050270395019195
0.273,0.02298365747364411,0.7040163425263559
0.274,0.022994710779262892,0.7030052892207371
